,Solo,Sensitive,Naive,Adjust
0,9.015490085,-16.98450991,61.36043792,-34.95161315
1,4.784346206,-5.504692618,193.0656278,3.616534374
2,19.08855707,-13.59149967,87.03260246,-61.00756776
3,-41.4084702,-16.66456665,11.04838685,15.3546666
4,-8.971005297,4.911369511,11.90739209,-11.53538059
5,2.439932939,-2.91448438,-18.56006706,-16.29914267
6,16.49645386,25.70436736,-28.71350412,-16.12444236
7,-22.56230527,16.98676974,-17.40663,-2.71350412
8,29.37649603,27.30230409,10.70671338,2.673768822
9,27.13528109,50.6314763,10.77015215,57.62090317
10,31.17703684,17.96169365,-13.59178458,21.84416406
11,36.51108284,26.18495453,22.74900589,18.43993481
12,-42.87134247,-30.67716799,-17.56665736,64.90333394
13,-6.218999916,65.96907941,34.14706387,-20.08878999
14,8.192836952,7.540279528,-52.21899992,-9.852936132
15,-0.784104877,-12.65389495,7.781000084,6.999463397
16,52.42396807,31.19595879,27.46303074,-12.45218975
17,29.48255845,41.92888684,70.65197736,16.94190773
18,6.107995923,2.687856668,-22.70305746,-27.05507863
19,45.09700084,7.081954146,0.43698896,24.40422203
20,38.84055742,17.51020583,2.646252123,-31.68076728
21,49.08936596,-29.40825111,10.08936596,-16.06228993
22,31.6343983,7.812054905,3.113073596,17.87135302
23,45.51020583,8.440093004,0.755258593,-24.28963338
24,-0.655287859,42.07532683,4.592612622,-0.060248477
25,11.94502907,24.44354234,-17.82300009,0.986479353
26,44.64688851,6.900605333,7.192798979,0.900605333
27,-3.666241276,30.0396225,5.634062904,6.237222717
28,23.68195883,23.54012154,114.5656764,-8.216511772
29,13.17141055,-65.32172661,136.9653794,1.737746099
30,56.51999207,23.58095732,214.3149583,-14.11456124
31,97.08454779,-11.34185607,218.1320698,23.86216982
32,-8.702099842,52.44873534,25.66155015,23.36093303
33,35.13155862,9.913827029,4.255190733,27.58615708
34,32.68612366,49.51031772,9.956882145,1.792808813
35,36.62873548,6.368425483,19.46089961,-30.56006214
36,68.19258714,13.40261555,249.5133724,21.85209347
37,62.91554323,-6.691505142,353.2420798,4.881425045
38,21.51337235,-5.98389065,123.344876,-9.890750313
39,-31.87515848,52.30849486,341.7049144,0.286138189
40,-14.80116126,-12.13081937,-42.18318083,25.97984542
41,56.90935012,46.34724017,-12.44839134,13.61245067
42,26.51026642,58.08850813,-2.229398016,0.137996733
43,-29.59191782,-7.418550369,-47.60654265,32.23530604
44,4.837788789,-13.88142332,-30.08550554,0.914494459
45,38.88423469,19.99331262,-2.271289142,20.33673254
46,-8.693527226,68.07213078,-7.756159257,-5.554189525
47,48.75897063,16.13265032,23.07213078,32.29028664
48,49.73821594,9.147765478,104.0716542,17.61807897
49,-12.28313439,35.53698662,90.93266913,32.32835164
50,-5.310476049,30.44669354,142.1619473,55.44699708
51,31.73821594,6.314484605,83.75917387,-17.75057621
52,15.01345288,27.32306267,51.53602285,1.265183253
53,38.53461884,16.20038235,-18.01894757,30.02478835
54,65.9359125,-37.40750175,23.02619236,8.026192362
55,17.67144264,54.28925821,11.80686244,23.27792273
56,69.22160237,-12.3314803,-6.563504251,35.84134339
57,23.96755245,40.93597116,27.50024095,3.59603398
58,32.92256962,-22.69134511,6.529491725,37.00845688
59,-20.51141271,-8.440092243,-22.38357184,-63.07451724
60,41.24559817,32.63234947,38.74035215,30.01813655
61,-1.02763281,-16.75440183,24.30594663,43.97144374
62,-15.53085195,32.9333058,8.989132409,12.9587523
63,82.47305978,-0.863982599,-0.254632699,23.6094444
64,1.254993015,-0.540608985,-9.441412886,-6.466103344
65,46.73142032,-9.591705806,67.71907509,-44.15427558
66,7.637446514,2.470558119,1.484515739,8.422789594
67,64.65734895,64.17884847,-7.25623445,59.25600511
68,16.23234524,32.0340014,-45.71806881,16.8769627
69,17.67861887,34.60009952,-14.82552154,11.30258376
70,54.77779079,20.04228222,-47.20155664,27.00506801
71,7.451341642,-0.342033703,63.81909593,8.005068011
72,46.92812569,20.64615678,-12.26806902,16.05802305
73,26.49917965,26.68054153,13.85448699,29.21975795
74,-8.787658466,12.87164183,-17.8759048,-38.16266785
75,21.73200605,-1.672368736,25.01389989,18.42801309
76,26.65636123,-1.083510281,11.09607243,24.20755327
77,-1.106923662,15.8028706,-11.12124597,32.8820244
78,51.18627817,2.686932922,11.38136965,42.71925996
79,17.39818792,98.85492623,60.22650982,9.632533432
80,25.34838131,23.28153808,24.54839507,19.26838957
81,-7.104928172,-5.558272053,26.70841296,15.42840745
82,29.01505945,0.294858572,0.148195575,29.50819282
83,55.94838819,-6.478280308,10.82840058,-10.87827343
84,-22.40795689,23.89973736,75.79364449,-33.34807203
85,13.44972112,-5.668837644,12.22749603,-5.467236269
86,20.87412066,72.48581101,18.7062238,3.059599162
87,23.91179801,51.25212318,97.13356442,31.27188297
88,1.340816117,-13.12175604,-27.60855456,21.39032699
89,0.880893717,50.39100749,-10.15270143,3.772830038
90,-5.397425575,18.89743377,13.38946685,24.32219068
91,-20.90797729,44.87618866,53.42016907,17.55459486
92,0.606229438,18.37248558,-19.63001531,31.72334232
93,5.045413306,-1.417607162,18.36998469,34.05733161
94,25.39627055,33.92856032,29.84492345,-9.04291332
95,49.6444336,5.069249907,-15.51536494,3.319862222
96,-37.36665356,-21.406391,-29.10763064,-49.98965947
97,4.730980594,-14.1638613,34.38941253,-1.72582358
98,49.45532506,10.42914997,-49.09418057,48.32390382
99,24.81737225,5.42048469,32.09863246,25.35080396
100,31.18041392,-10.07199954,-2.687185399,37.48861457
101,79.89501432,49.60961472,33.19333509,26.77401417
102,37.07081429,-32.78633516,5.774014167,-0.709986452
103,-34.56618524,0.33599264,7.344813362,23.2146155
104,103.9995771,19.86985062,13.37769345,10.46859239
105,22.38279164,-13.00042291,-20.01135869,-11.78414156
106,26.25083559,61.48681868,-43.07332809,-13.10167026
107,19.59808425,50.3649,73.4941092,36.86890868
108,48.74922303,5.983286843,39.92224796,-26.68507228
109,32.17796118,61.64148583,118.6208043,51.44459066
110,-19.00034725,28.14783659,180.9197792,-11.79663579
111,21.58490998,-50.3410911,38.31666071,-16.37981614
112,0.188028569,94.73559877,-28.68611828,27.77725828
113,11.09220137,68.66354046,1.907551838,17.76007724
114,7.119095995,-18.67184733,14.81863304,15.84000524
115,-0.720875136,5.896465001,64.51274443,-2.09124825
116,19.75246757,5.915713061,25.2073393,-4.886811656
117,1.120841488,10.58248173,91.07523222,-15.64630069
118,52.01354146,0.194025673,-3.648358118,8.390245067
119,22.84451862,26.93943257,12.16477038,11.36436432
120,8.18487866,-1.568301478,24.10041158,-38.42094166
121,21.70575895,4.030022356,9.635015775,21.65309578
122,-0.491330887,16.20741689,37.06883662,14.49506422
123,2.945555281,-12.62406478,14.78280635,-26.06415491
124,-7.689521814,10.02231632,-12.4357412,41.1993037
125,-16.62259212,-40.99164139,-9.060397747,-6.926851186
126,23.42966629,11.46796698,9.342208898,-25.61408198
127,3.839442332,26.39782957,23.85539118,44.07314881
128,31.03860623,-3.181644685,33.14873169,-9.514597616
129,19.69935899,10.7482757,33.89215269,7.733110518
130,20.50398873,-19.444518,-22.20652535,39.5981044
131,-2.215396215,37.07865208,20.9622323,31.62298506
132,69.4263035,9.108211778,24.41636375,1.752323411
133,7.839799127,-12.54785118,96.52371897,-15.27790965
134,64.12411735,-15.2570377,-28.05284565,13.15990242
135,24.57540961,40.75303842,1.753038418,1.460077007
136,24.63807976,15.60769372,-28.08199782,18.8636782
137,-10.81311714,-17.91072335,23.34526114,44.47970148
138,-2.715510935,12.11966269,-6.617904728,3.705299926
139,35.11966269,10.41248131,38.18043476,-6.782731104
140,14.25295183,7.718893087,354.0160021,-8.555734396
141,25.46760072,-10.38008344,139.055176,12.11817484
142,-7.923125319,20.41339666,317.84034,38.71813575
143,3.37078742,8.64395717,124.1951365,-5.322694268
144,35.96110763,-31.36121374,97.56525838,30.4210099
145,2.490536623,5.437374388,178.8893958,21.93055552
146,-14.45566972,57.39891839,199.5284642,33.74850322
147,54.57439346,16.24790695,142.2874385,28.19749808
148,8.943942201,0.776889463,-5.557385936,12.12882033
149,108.5250504,74.21697604,-20.47222465,-5.865088336
150,34.56795756,1.427248625,-23.04967042,-28.70559149
151,37.87970621,14.52173934,91.25437446,-6.49917023
152,11.81721026,32.80769772,-7.529050368,-15.02063543
153,1.114052237,34.80550252,5.310258792,25.97204723
154,3.540577629,28.47387657,14.97424243,-44.52465996
155,9.479930206,9.87046583,24.63822608,32.9735107
156,-0.455554929,-10.8764666,15.20750147,14.58669694
157,5.949965042,31.70262174,-1.329334996,-12.0449384
158,38.60782287,12.99731347,-31.67023105,4.249753337
159,4.132658995,5.586696937,61.20477323,-19.62402673
160,35.8406448,-5.445872581,33.59766667,52.13699228
161,48.67330991,21.61452125,-4.62845688,-0.819468469
162,-15.53295109,-21.35036679,91.49777296,-21.93852482
163,15.32800387,14.45019433,25.91000448,44.31114929
164,39.32876459,-5.061738474,1.950132698,25.69208852
165,40.45434989,26.56306643,9.572431226,30.06477725
166,37.05541244,-2.698414546,34.53588729,8.496836985
167,38.62585908,24.89670485,-10.71279209,-1.479420671
168,26.19895283,10.44992712,36.39668482,-32.85039232
169,19.91378273,30.77310233,73.77310233,54.32846963
170,-9.139371712,25.529351,45.71994789,5.054550985
171,16.96702503,56.72366933,30.99420151,21.92871
172,12.79717286,70.35519735,-9.449718098,36.1222193
173,16.15241418,16.06774907,21.66748159,52.47775537
174,49.68349831,23.68793706,25.02985557,59.36881491
175,12.16307197,-16.39820704,10.41262675,54.02272291
176,2.528029297,29.14799394,19.81423122,19.19519314
177,39.89143581,21.60389752,-14.78514053,0.171593538
178,53.63029424,7.128327603,36.70109304,6.128327603
179,48.6696269,-23.32643983,42.69715977,3.555265135
180,-5.073315363,15.42319146,7.564134826,-9.570118847
181,16.04175921,-4.913489562,246.7840298,-23.42947214
182,-6.467830334,-16.01317577,83.99700799,20.45545328
183,-9.212477166,25.00340102,87.07372437,-15.97741988
184,25.33067673,9.100456574,19.11105091,-0.89811582
185,20.40836851,5.559469272,-6.89811582,-6.583892366
186,18.01848197,20.4055133,-18.51251209,-18.42850879
187,-1.969496093,15.71485285,-6.667895668,-0.280864336
188,17.6069508,53.00465395,47.52243719,-30.91275523
189,-10.78196186,5.228741218,100.5746632,2.043254248
190,-17.30521952,10.74967402,-61.92345831,-30.95556755
191,32.3945952,68.42470961,32.54384335,9.683801767
192,47.96371501,23.78003557,10.08616797,16.90248853
193,-19.91383203,9.178007684,30.87187529,-33.0464894
194,22.99432825,4.014737075,19.0351459,21.09637238
195,28.17800768,35.87187529,-4.128124709,-8.06689823
196,-9.59845023,12.75117447,401.1273487,-77.71521262
197,20.46745064,10.42580371,55.11429656,0.817737816
198,4.073856182,16.73679758,0.147242191,10.49752936
199,-0.589646014,0.817737816,39.52634454,4.81344393
200,26.83995332,19.49235739,398.0605624,6.207070464
201,-22.61632181,-24.95285721,379.6873772,-29.8336802
202,-13.86314953,28.02367432,-10.82963861,-14.64405297
203,-11.91444612,66.38367819,195.0983913,18.10518372
204,25.18381774,0.800972461,-4.442731468,25.82295167
205,21.95844148,-29.76283215,110.9523768,33.61061864
206,12.03936342,5.412310928,-15.54976848,-24.88814199
207,-1.328452655,44.98654817,8.789278599,-4.674741536
208,29.65733241,-18.41134008,-20.5447262,-11.27795396
209,37.52579611,4.587868152,32.98723474,-40.71507144
210,-22.80991489,5.456065575,53.52006117,-16.0774789
211,39.40536233,10.92331287,17.18929334,16.9225211
212,40.72470493,-12.06311624,10.18307787,-38.91539977
213,22.3952567,66.05684885,44.02822496,46.94497084
214,16.51434927,21.42300807,-4.189345263,23.42300807
215,15.2466677,23.81065474,23.95837121,-5.161593891
216,4.410396315,10.11079248,29.43207956,-54.17194196
217,14.19193078,19.40882933,-39.94702952,15.22806952
218,-38.04028278,18.38148532,-8.66910893,-8.903663019
219,5.863573674,-17.41450464,-23.42896014,4.549356608
220,24.68761659,-1.494968653,334.4006969,-7.077630945
221,-43.23413259,17.83598016,304.5571986,30.73978381
222,-38.33846701,-0.208048979,361.5832822,-52.29350608
223,23.96546641,-4.155881765,330.6876166,-4.207181919
224,12.75732571,-25.27847704,136.8596622,30.89032195
225,21.83914807,7.472002866,41.09492371,31.39196714
226,26.40822333,23.41471225,290.6880197,-8.796378421
227,-7.362356383,13.74582133,17.80592246,45.00430781
228,-17.02260718,38.58134449,1.20996524,15.32594452
229,26.88424109,29.4427553,18.45780918,37.81453075
230,20.09337211,43.72137901,-5.846327604,-17.58090374
231,-28.23235204,27.30250313,42.40285647,-16.86035895
232,62.05161991,-5.781275961,60.9726237,29.71043875
233,11.36273956,18.4014268,20.70666668,11.08197509
234,-35.20845734,33.10266232,13.84258507,-4.862606424
235,-12.31216389,-26.23478941,5.907604386,-16.1697701
236,54.53156338,-2.715679754,-5.067131676,38.18011145
237,17.86748508,-47.86974157,8.211171891,-20.96292288
238,-8.02054102,25.85971997,-5.228958603,3.516033157
239,0.307615574,-14.69238443,-34.15581025,9.083667772
240,56.33846515,23.41683148,-0.005905416,4.229193577
241,95.16738309,48.36937039,14.96318934,-13.86352215
242,26.04155567,18.02499983,-4.02025481,-48.36462537
243,55.08901676,26.44773672,44.22919358,-67.30281489
244,26.05413049,-15.55612865,-32.96733386,-14.57032226
245,-44.8286832,31.49673951,-6.07387066,39.52432218
246,56.96999771,16.04760021,-27.7339929,-18.42846734
247,43.04085891,48.46410101,76.98334974,23.31616649
248,-28.37327631,-21.41242963,10.26783088,-17.77295066
249,28.34776575,-35.33412298,-35.09269015,51.82737498
250,-25.65223425,-11.89366708,14.34776575,2.946463176
251,13.94646318,59.74744011,-20.05353682,30.98724472
252,32.0916301,2.338070077,119.1714952,5.453025027
253,10.95718692,-0.615266062,123.154535,-24.31169942
254,16.5285704,-8.695540716,54.78913296,53.09253558
255,-14.66192992,-7.318766459,52.47399232,11.68682151
256,-6.024480975,31.61380966,31.55668815,-1.157586729
257,16.16086306,5.492942142,72.25210029,38.72999645
258,9.374861576,32.84389524,2.470588156,-34.07646577
259,28.45670243,20.77470587,22.30610323,67.13262625
260,13.75564458,37.71512498,18.63198474,24.17606831
261,12.26423546,-0.842591883,-28.58260128,-34.28487502
262,32.15289729,41.85535065,224.8582899,73.80831903
263,-4.19168097,-22.04354461,49.11268207,12.08287427
264,7.982199588,24.12773441,16.67087107,-18.01780041
265,23.98219959,11.28339867,14.47713487,12.66749459
266,18.33517051,31.98335253,34.93737469,30.94075117
267,34.13786385,12.34817073,99.71732234,30.28677515
268,-7.17299933,17.01896576,44.93316319,23.75010562
269,-0.717991087,2.252741443,-5.249894377,-0.683997329
270,-4.717991087,16.78464473,10.89080725,-30.00248488
271,-12.83251578,17.95461383,43.80555003,-11.51348288
272,-2.64768868,-8.2540823,-20.15542964,18.78250462
273,-38.41856114,18.74282997,304.8145361,-15.32725614
274,49.48205809,26.10770187,125.2647262,30.60979924
275,58.2173195,39.6544504,369.7681389,-24.92322312
276,77.84242978,31.53076024,38.34380284,45.51499832
277,28.34380284,18.93015655,51.60438658,-39.73711138
278,-28.57059942,1.446018653,-3.356474104,63.07189089
279,20.64197513,36.00767491,62.6889895,25.89097946
280,30.1797526,38.28789546,2.514690492,-22.96433465
281,19.25535095,6.635948108,33.47503654,-36.94150501
282,21.30101022,20.6718925,-7.790308327,-10.64622107
283,84.83880939,12.50758106,-7.502133823,-40.06276263
284,33.81458979,36.15560248,73.64984296,-63.75326163
285,60.87267776,-32.90448745,40.21569242,-3.902485486
286,29.4250062,38.4250062,25.69440992,26.55870708
287,28.91724471,-50.30559008,32.61879701,39.63431999
288,16.96653922,25.36842571,-28.07221736,52.98673568
289,49.46496849,6.464968494,21.75771689,30.85796399
290,26.32816123,12.39212456,-63.90541607,-22.82066811
291,11.22335562,15.55855006,9.696595498,12.39015691
292,24.40339774,29.56057676,359.2264003,-7.655361042
293,30.3438906,44.01302927,470.4089252,40.65744775
294,19.91386806,-11.00498887,70.54078139,-44.32950692
295,22.8557955,28.77400244,143.3462105,-6.654687519
296,-23.78962183,39.14236642,13.52419215,-11.82096314
297,24.46189668,9.964529635,11.88187505,12.88110072
298,23.77536981,34.86027373,40.4817141,-13.07476833
299,62.64068784,20.425533,-6.6134681,25.50148105
300,-3.293027714,19.37645848,20.22493384,-4.144218203
301,22.95397869,-10.5354045,-27.58681776,17.43521649
302,-0.992693561,9.361768982,-37.7530319,-6.415173351
303,3.586741136,21.34516499,11.97058268,-9.435293118
304,67.15359842,25.15089543,14.57724655,-34.13491539
305,80.66304041,51.15021968,-38.13559114,27.86440886
306,41.67775006,27.00832789,8.157652906,11.86508461
307,23.43878229,34.71778684,-4.992347853,75.409363
308,82.58696504,4.67700387,-15.11610039,8.818766637
309,63.0313756,-9.690847279,-22.86517653,-24.39387751
310,58.87049057,5.058228867,22.1482677,-3.026061556
311,40.25746398,-7.870889749,54.67700387,-32.6199659
312,60.28198205,0.113470752,42.99877383,-9.863752572
313,4.066332559,-5.299531872,91.35574346,8.140632818
314,36.78155995,7.297293645,81.86307454,8.025680956
315,9.519986787,17.09559582,113.7376724,-1.329082165
316,5.239971052,29.81383586,-39.59606758,13.37917384
317,44.50214487,15.5678938,-14.71903861,15.07600968
318,64.11700002,46.37917384,26.84629938,10.99402899
319,-1.071719932,-16.98121243,6.46115453,15.69086483
320,7.240597977,33.25409618,11.60504934,0.551056547
321,12.33508537,-11.31396147,-12.81339482,-4.961875003
322,-6.907882208,29.26759437,-1.772900221,-4.029365997
323,-8.489438049,10.18660518,18.53755835,23.63204574
324,31.95042372,14.78548764,81.6309351,-38.36879439
325,10.31504789,-2.083787907,32.05053796,3.191105556
326,19.08386436,55.43538881,51.20148909,5.335274565
327,1.989181868,59.33527457,10.61272342,64.16049535
328,-8.6479375,56.14751507,7.091455063,-11.85726053
329,34.68535437,53.41192649,14.50607461,-8.036540294
330,23.01252881,-2.737926188,17.60036489,-28.85248493
331,9.877638989,-5.6479375,6.095714489,-10.80068434
332,27.57284262,8.357959831,-2.60604254,-18.84797672
333,-8.062859503,15.55744975,31.96800717,-1.43228834
334,38.43648266,49.16228519,73.03105619,8.720861099
335,20.26785941,-28.85831957,12.68354779,-4.384632186
336,4.440708469,25.2329018,-8.812371805,-27.17989927
337,22.76711172,8.526757896,53.70434661,22.88111362
338,34.20964551,6.420779864,39.76453778,5.777709522
339,12.27680811,5.201685045,49.72472051,38.10284577
340,56.39785467,27.89640208,-16.16732056,8.446357841
341,5.875940469,14.42210625,50.5946481,11.31638438
342,36.67479215,8.344425946,61.15205524,-3.390701593
343,15.26876601,15.60348806,-17.10069274,21.55877486
344,12.74866611,-9.980953527,-22.72532518,-45.42544079
345,38.19315337,6.204217385,-1.788406608,25.92646102
346,40.40045231,-10.6069237,12.5671832,38.67083267
347,38.5598072,1.193153375,-5.51065024,5.91908501
348,25.31458771,17.03173384,-2.911695385,14.00344846
349,37.74887998,61.35288456,11.18317224,-19.81682776
350,40.52259688,-14.7319716,-11.19454925,12.77716536
351,18.89030691,-9.307690797,16.84374761,9.589179126
352,-10.55439398,-36.66707662,-13.59289777,26.51837049
353,9.963443543,-32.53883592,33.1845657,-30.20361676
354,-25.77834488,-14.14782472,19.55263117,27.42407466
355,-2.684364866,11.51695612,3.036208015,-14.44454009
356,22.31161355,-6.987589816,12.79869349,12.24037466
357,14.25462243,33.98391462,36.0694013,63.66329947
358,-19.74537757,13.16913576,8.126392419,9.599263238
359,3.197631317,5.169135758,35.46589855,16.10432028
360,-19.23760551,-41.62277165,228.3297048,-40.76534219
361,-17.85313738,18.60759407,180.7739264,-10.90487797
362,0.238283728,-6.253461309,17.16488297,-16.13465253
363,-35.41473396,5.051815598,226.119475,37.90924507
364,13.54907157,5.529038096,26.56434558,-22.81997837
365,-23.76438305,-33.98136605,34.18155878,23.23130235
366,12.47004337,-20.68947292,75.92448334,-10.90304738
367,24.10664866,0.763202605,35.494857,27.83743931
368,15.76434306,31.68773845,273.8774578,-8.004463092
369,18.87036441,18.41411782,-0.745232515,67.80267844
370,3.653119802,15.21646518,81.42850787,-29.62006002
371,-27.27395925,32.72604075,112.6111338,14.56256595
372,21.81824124,37.89460055,36.71930095,-4.017749652
373,-3.503141352,-0.882957149,19.01146695,-11.76609075
374,38.17547605,-7.181758755,-18.38627495,9.69008435
375,-7.503141352,15.97095985,5.379992248,7.766443654
376,-5.090677415,10.92796316,-11.56944543,31.89174205
377,29.82969481,21.98895036,12.63527818,-11.04621072
378,-15.72767028,12.90832122,19.73148513,3.590811484
379,3.423310348,26.45847143,-26.30267458,31.28887956
380,28.91619796,1.040026356,10.82332667,14.04002636
381,58.65822215,8.802688604,5.647903113,1.081302487
382,67.79236957,23.18449281,-37.99093074,44.69949828
383,67.85428377,29.84396473,0.771731506,-19.74327396
384,37.25585867,-10.6738958,39.75088991,5.396349735
385,-6.518207929,33.62228314,-6.744141331,-30.10199401
386,22.89800599,34.32805097,-8.744141331,-8.389601159
387,3.976823309,-10.81769937,7.964939014,-13.53340473
388,13.85623394,14.15703576,2.106481778,1.688625934
389,-8.610173371,26.73377172,-25.57660303,-15.34353697
390,13.99056,-10.84296424,25.07318663,-11.96125398
391,2.824084241,31.23966238,196.8825196,-2.876259395
392,53.90838286,-14.46398326,-10.70818678,-20.95759151
393,10.44089203,-7.246160642,37.49484613,-3.862466802
394,-3.142639721,1.831111109,78.19148729,-9.577092666
395,18.79820496,0.386937935,-19.07070093,23.83111111
396,25.16974491,52.60532375,72.92211145,-49.58563995
397,-56.97883517,41.02116483,69.98714093,-15.33800649
398,35.69299909,20.02116483,-1.535205403,-2.274919762
399,3.761046897,13.34933057,26.41436005,-45.42155989
400,51.2475659,6.36430045,110.5172641,39.65265037
401,18.91595873,22.65153994,97.99155212,35.4853921
402,-28.05899971,-0.870503758,104.4658402,-13.29757879
403,-15.40392436,61.86925089,122.4491349,29.14407972
404,35.32830217,-2.138214857,0.861785143,-14.90495634
405,-22.97192229,16.86178514,50.7948192,-4.837990399
406,-0.138214857,19.32830217,-0.138214857,8.628526629
407,-13.8379904,-9.438439315,8.095043657,36.7948192
408,-14.95059582,15.46341194,6.55175216,-24.09851252
409,43.51145515,8.901487475,33.80292615,-20.32266084
410,-0.406305091,12.33312898,36.51145515,-2.908653075
411,-14.61413184,23.55175216,28.61825658,65.83979588
412,8.650708894,4.815909822,226.9105164,2.524756229
413,5.465916741,25.04890195,85.96863495,-11.79265782
414,8.841963175,70.19419204,13.83497842,-2.218081414
415,55.07600614,41.89308539,212.2657014,4.661360832
416,39.80928787,18.11860654,8.606854752,49.66267183
417,30.67485143,-20.52875637,3.135152516,-11.43037212
418,17.54062264,7.57304753,333.3244981,39.00390896
419,3.196100265,-26.68559889,-2.516576767,2.282230859
420,7.439536585,-0.411077004,184.8169721,-33.95268708
421,-13.37571514,-23.66534698,142.3608739,-22.00742061
422,-38.75315063,38.43953658,110.1944076,20.84709797
423,35.09746295,-5.287911485,498.8972861,-7.127539303
424,25.987568,23.46259624,6.202935637,11.40133344
425,73.1859658,-8.621286957,-15.33900596,11.31745024
426,18.37871304,7.722256844,-35.54541477,15.18031524
427,44.21094665,46.6746556,2.934316206,4.683614431
428,1.277420905,10.7419143,158.0524419,-10.96619377
429,17.35203607,39.57890238,0.64365742,9.970711699
430,17.02325504,16.41154729,81.45694623,18.61220818
431,52.33711304,-30.59440532,46.1294692,-6.603347077
432,42.80681341,7.300872806,-15.56687242,42.33538831
433,23.27715948,3.98365245,14.31878233,19.8094721
434,45.80305195,12.60797874,-12.89665831,-24.64067384
435,21.89523293,11.52192349,-16.37238948,77.23864464
436,12.11200128,-19.45559939,-15.50393569,0.882768975
437,48.17250537,28.81932758,3.843495728,33.50814838
438,68.60667886,34.52325348,-0.470704485,58.5262745
439,34.463598,-10.76677858,53.18488511,22.26041059
440,-11.19542543,-1.617930771,-11.84187259,26.80457457
441,-7.201587584,-57.02481117,11.61547384,0.493604164
442,0.798412416,7.158127408,14.99746026,-13.33714455
443,29.15812741,-16.64660971,32.98135099,-23.47599544
444,70.67153781,33.91826076,56.70777419,-24.68696831
445,51.78333521,40.25365294,-9.328462185,46.73835787
446,32.09251096,-20.88436088,32.99073351,53.46105124
447,5.092510961,53.11977837,62.59906507,-5.280458849
448,23.94802371,7.341167852,-0.387703417,16.68718633
449,22.52670421,-26.05197629,9.439761422,37.77345391
450,-38.93063608,25.20479181,48.52938646,43.24284723
451,-17.77082916,11.6251898,8.662132095,37.06868872
452,11.66480047,-23.23356662,-13.649236,37.78688972
453,11.25196074,-2.854917366,20.17927312,-5.992217767
454,2.641514479,10.82821651,-2.854917366,-15.72192362
455,-21.84401287,-21.62595001,24.42345162,42.70612726
456,5.633031541,52.774329,31.46044694,18.89278031
457,-4.348342786,27.36658551,-26.61653253,74.47907261
458,18.38768796,-3.169793976,12.55605207,28.0214163
459,-33.30265046,-4.248517158,3.443564978,6.337775145
460,-12.61683671,52.07506274,110.1159913,-11.60496813
461,-10.11641611,28.4079766,-15.91846807,15.55987309
462,38.80256531,37.14229052,52.78763482,-3.595849232
463,-9.593750484,102.6704249,39.98068707,28.12949048
464,31.29394913,2.192391194,22.64941961,-19.44876654
465,18.46191851,-29.07323685,31.2509864,-27.63967351
466,22.42285504,37.92168111,45.28223363,38.61817238
467,48.72754655,-9.910144508,10.17285946,-13.82714054
468,17.70540374,5.189180341,16.5014944,-28.50762712
469,35.40195048,19.18918034,18.39738971,-29.64332626
470,61.1937411,-27.19531307,14.79100465,42.08963642
471,4.496933637,72.71284596,20.78289929,14.19830187
472,42.0203968,50.68179658,-11.08307325,27.26631706
473,9.52319501,33.79307307,2.040982619,13.06295113
474,33.34003622,-6.600658665,7.567738633,-16.47680499
475,-21.83516371,16.32739568,6.917128944,-4.981390291
476,-20.23387155,26.76612845,17.00094105,19.51035633
477,5.08690807,-23.57414165,22.02190057,22.76759749
478,41.91710297,-2.617529724,4.317462773,-5.404336555
479,11.42585835,-11.31983857,-2.424636163,38.93806249
480,3.032548588,20.3140033,46.72391734,-2.481039678
481,-0.894999313,22.05866355,-5.134042544,11.72677694
482,19.78397465,-20.62541309,-39.58208839,19.253946
483,38.11190588,21.47796892,11.70199184,27.98893167
484,10.29202246,-15.20781359,-2.457718825,2.29464568
485,18.85223833,-13.79879457,16.79273292,-14.80692942
486,-17.55454783,17.79327942,13.79306082,43.29235036
487,31.79844579,-1.778350352,-18.20792289,43.80672157
488,16.59418922,-54.064936,-6.673422459,-0.358846318
489,-33.42929302,34.05896587,37.78670064,17.00734784
490,22.49560673,-16.90083751,15.41999251,-15.2518105
491,-7.283746063,-16.50439327,1.93224759,-6.016134388
492,-0.194283277,11.48671415,-42.28817152,41.9701237
493,-19.82167908,8.805716723,-46.03833486,-2.938138848
494,31.13071719,-39.50482729,-5.854859961,-58.0799743
495,-27.20489263,16.57845159,119.9140502,-28.85485996
496,14.53713451,20.19862695,104.4079208,10.42543751
497,46.95448094,-28.74950922,163.623277,-8.626931268
498,-13.84784254,41.88750369,42.56260157,27.15463138
499,7.324816142,-5.58617986,27.84220096,-2.417637371
500,12.24241395,22.8930955,260.134186,65.04971673
501,22.73647427,27.80923971,236.7245949,6.069144047
502,-8.781095106,-1.637040814,51.27397664,-18.61284418
503,79.95336812,25.23053459,391.8209435,14.47162507
504,54.69868505,17.96799075,15.02988619,-26.4047442
505,3.538946382,70.77535609,42.61003141,-4.880908401
506,99.04186879,27.87933711,-23.55250027,-27.36041738
507,3.5952558,-17.70360112,-17.61215446,41.75778748
508,66.0564726,-1.85096247,86.76688111,-24.21215724
509,-5.081205814,39.86914822,497.3544579,8.984234006
510,44.35217905,49.37222046,41.98098325,-22.95797294
511,47.30253309,1.004282384,71.18823852,4.022643788
512,9.896113929,0.209852199,40.16246482,45.70313946
513,32.07787879,19.67894068,29.51779016,-22.6059255
514,-19.35903466,0.568212035,28.37760505,27.60635896
515,-9.6933673,5.095475244,16.64155187,-10.09808576
516,9.883746563,2.113959336,25.3747309,7.974803155
517,8.55360338,-0.43345901,3.374730898,6.387668508
518,-6.267744005,36.14197127,10.66137768,-39.54337002
519,43.30576943,2.471704299,0.126293723,7.129033656
520,-2.170412749,3.29121968,61.13664055,-5.44575211
521,20.00134038,61.49762396,71.94362552,-6.366411327
522,48.27160155,4.271262386,-23.9545854,53.29121968
523,41.10561301,6.633588673,2.101382138,18.23348369
524,-72.228497,-10.59955364,-17.2432274,-13.64393614
525,48.6409791,34.08308235,-5.976394941,7.525185597
526,-43.80112415,-3.916917653,67.05641823,24.29080191
527,51.46570831,22.94640939,-9.540076353,1.31746603
528,-46.17410563,-20.95992421,7.861591275,-1.316893234
529,46.15007062,-15.35307688,-6.781439705,9.004865629
530,36.10317408,29.3613479,149.7062086,-11.70955916
531,-3.102225077,12.11244308,48.94069131,-48.35259014
532,-24.61039326,-5.845241673,-3.778273543,18.79982787
533,-12.42863763,53.72976307,0.669177858,-2.299284292
534,16.9709288,-12.47754537,6.510777161,27.75092012
535,-28.23520453,-25.12790946,-9.157155399,26.2706342
536,15.81050738,58.60144619,-54.3274062,17.48482318
537,-25.5593342,-29.5593342,60.59008433,-6.049917232
538,10.6725938,46.02558161,-9.972771275,7.486055649
539,10.78550037,27.27011268,51.15458704,28.48006968
540,30.02265428,18.76511451,37.8509611,-14.33835251
541,5.250034965,25.0398236,3.592970219,-22.94345819
542,20.55908269,-18.49287637,-28.78430367,16.67926792
543,24.81662246,83.55490314,-12.04602299,71.6620986
544,6.854460902,-9.594564487,42.81706959,-31.71380751
545,0.190668926,-10.56420413,108.9260498,19.12994821
546,-24.72687407,-12.21712796,74.60933396,13.39370515
547,122.6591865,-2.21712796,132.446664,22.19467556
548,42.76612733,-11.1887919,73.40324076,23.68681719
549,52.78198936,-27.21645439,356.8692305,-19.01723316
550,11.06854621,4.269063877,428.6788862,-7.836149547
551,25.38231124,39.68681719,420.8216444,15.72647226
552,16.16063907,-15.12756472,1.763094209,-27.12756472
553,44.87243528,-5.346246858,-0.018223658,29.771066
554,14.76309421,75.87243528,7.872435276,17.771066
555,61.58424466,31.09111741,-31.69020046,-47.34624686
556,16.60972877,22.42718016,-47.51885873,16.97023013
557,-30.46605003,22.1723008,-26.1376875,-28.06306111
558,12.06093053,-20.3730494,-18.42815833,27.42718016
559,4.988599776,0.245779366,-43.88166032,-20.40978869
560,23.58891864,15.53302331,28.33446127,-11.82487503
561,20.80460298,12.98986397,-13.51189882,30.31898942
562,18.66073853,-14.66553873,15.96109108,42.10495553
563,39.17512497,48.0800039,64.78845374,-13.05505815
564,24.14978636,34.50763012,83.40538552,12.97912465
565,9.858580615,16.44925228,-41.14304792,4.294849981
566,13.85032044,82.35801314,38.2703304,-41.26264688
567,-3.853318544,17.34007332,2.220212733,-4.85779036
568,24.17465856,7.085513211,-37.70648097,15.96180246
569,-5.671915568,21.50637513,-10.03819754,1.724081524
570,-7.553055101,30.32808443,-11.36991411,-16.88477167
571,-17.39962923,-1.701630684,-25.97876731,19.23893908
572,10.98409605,-0.739297453,0.516081578,-2.973304691
573,-3.122257751,-9.930777602,16.79261591,1.579908294
574,14.34582889,-15.71799783,0.877814414,9.175576204
575,3.83521516,43.94156897,7.367056353,42.83521516
576,38.87384805,5.247625113,11.28347036,9.997441751
577,109.3916152,4.949023876,56.18993655,-12.95033927
578,15.20765445,31.37944028,88.56889236,28.30271831
579,-21.1624409,19.57369577,59.82707064,7.873848051
580,-3.998529181,-1.066051102,8.465981491,17.17861013
581,-0.733792688,5.373431168,-9.627818307,8.199965195
582,15.41697255,-9.595433352,-10.99791453,26.09176884
583,23.81607082,-34.62024515,25.45357559,-11.32311823
584,36.89550592,57.06099544,26.5530663,-33.39499168
585,-1.379727382,4.65695035,-20.29110762,15.13316292
586,43.81277643,28.65695035,-0.682479237,-13.711011
587,5.936885935,1.988827962,1.25290526,-9.047619219
588,-39.84117856,-19.32212498,2.00150303,-33.93299116
589,10.79414372,10.47560069,39.68214635,-4.030918983
590,0.31733009,-30.29686508,124.2122925,20.05402185
591,27.52835756,-16.73471264,47.06687979,33.34596546
592,-10.21497381,20.8681236,40.4792999,28.20235825
593,35.29181557,7.429993926,18.14005846,25.38692179
594,21.48873081,-11.35951207,28.56460937,85.1264797
595,11.71024518,49.83654423,65.68021535,-13.75970247
596,26.48008427,57.29475446,101.8180575,-22.46105492
597,-2.207286279,35.07964351,60.08548565,4.389328863
598,-5.503834835,57.27043573,111.3005966,58.92269191
599,72.48805954,38.89361224,17.11429219,8.490804867
600,-1.431529845,6.512884232,-19.06361474,16.22119479
601,20.15872895,26.74898775,-10.78568512,-43.66075345
602,2.158728953,23.34612646,6.339246549,-32.1398404
603,-12.84127105,17.28366063,5.978211356,16.93638526
604,26.45528753,3.125775871,-30.43992298,23.71423055
605,13.21037597,-26.21328688,35.21037597,42.23852122
606,22.20970913,65.56726437,1.510307034,12.3433107
607,-21.68872064,-56.81843612,44.51816122,-41.68550139
608,48.75092536,7.613871039,74.27923668,9.255199818
609,12.37699398,21.44216551,52.87271952,18.18025995
610,-6.452120442,-1.535298233,66.72688851,7.007666968
611,17.84013376,28.25826438,1283.864468,25.38375079
612,28.95135117,-1.413663606,243.7998864,-44.13595881
613,16.27129479,-34.07877568,102.2944397,-2.220198212
614,80.01550601,98.42417673,-14.21015593,27.91118203
615,-20.54340059,2.156928537,-0.560226402,50.66543553
616,88.68895385,4.961262715,40.23465727,18.02570775
617,45.4269067,81.37457373,65.32415244,-10.03873729
618,23.40529757,-3.199177186,60.89713869,-10.09107025
619,44.75531056,23.05075789,22.0397315,-9.146079554
620,54.95326625,-2.369506158,103.8935776,-37.03089236
621,68.02551824,-1.134428328,72.42342191,-27.8993505
622,40.57509026,4.598811055,59.42342191,29.112814
623,65.98302794,8.379574619,-22.4107463,5.116490895
624,24.66762041,-31.12612034,-38.27559874,24.9665772
625,40.43818677,5.886621963,-6.881634175,20.79392442
626,11.06970682,23.71396918,2.623581864,27.1160556
627,20.84258342,24.79392442,27.73714357,-6.987074027
628,-15.54182544,-11.23150994,16.29261625,-15.27976234
629,8.506426959,24.33565347,27.14785907,4.137458508
630,17.01307477,29.19049356,-7.231509942,-27.69698318
631,48.61333231,4.351269212,36.99270132,1.142105249
632,-14.83551082,26.56378289,62.8688639,-2.152147639
633,-27.08735235,35.57884589,18.7035472,13.4585852
634,-21.17351459,-1.618104474,56.3763954,36.64492999
635,-12.6852422,9.190171348,74.69513415,7.14381889
636,-8.122890734,19.32374886,-22.57790416,40.66925021
637,68.07938578,13.21702806,18.08846393,-14.12833698
638,20.51737071,-2.572321606,176.2066346,7.497939179
639,70.47391165,11.94174349,127.9363832,15.15368836
640,19.69497674,-12.27537502,14.73404708,16.55615764
641,71.61545412,0.712857642,15.2394491,33.2488712
642,-17.08954161,63.41733854,14.62817161,10.46721292
643,28.30816768,-2.383824649,74.15992648,-74.23630468
644,44.11659772,49.02212999,4.270414984,71.5585752
645,20.13110137,-23.28760754,10.71940123,4.488475693
646,-7.469459866,10.9557717,38.40748633,11.45226731
647,64.11659772,-34.32537976,-20.28059877,-20.53717009
648,69.81820182,0.216865581,-13.49759099,-12.60286583
649,17.16032128,57.00242487,107.8476151,3.002393152
650,31.68660034,30.75724568,6.476082371,24.49186024
651,56.1866162,-6.655487395,-12.12917661,21.73925362
652,14.97127499,-13.36108512,-33.5504176,10.59313831
653,39.62184949,33.42087122,275.463983,-10.90083554
654,4.163591646,-36.12994992,40.28709798,3.170441392
655,5.661089586,-2.595808924,38.5118961,10.40194271
656,111.7686024,16.29537409,-33.62953005,18.63772602
657,30.18328063,27.40249665,1.964064608,35.81664242
658,13.63772602,3.856942043,13.73380613,-13.12704461
659,46.27936073,19.95579169,-5.247410985,31.20426487
660,35.37912233,30.60474277,134.5715685,13.06056184
661,7.851963887,11.8310108,-0.099908824,-46.88445689
662,21.33307925,31.06536312,-24.18994229,32.99836695
663,-34.28616536,-1.976543056,-14.18994229,41.18846526
664,30.61954953,-6.490661346,145.7841732,-34.42306437
665,35.51187651,58.72976041,17.48067944,-10.65424089
666,44.73343654,38.50566252,143.8470594,40.38712294
667,14.34575911,10.01228069,149.3637027,9.66216343
668,50.10371536,37.78865331,-20.66440344,-17.05326147
669,14.10741479,38.15450282,36.7330253,18.7412216
670,13.86639304,17.04235588,-2.117646364,14.40984893
671,49.77797511,37.91923149,4.741221595,18.42099419
672,-1.252223493,3.520473134,38.93245092,3.673085251
673,-20.54222389,27.21105804,-13.63705083,-36.6808673
674,37.38243068,-37.07959654,16.40808714,11.4704237
675,14.03920413,-6.099078042,-3.940953129,10.69256676
676,41.4835447,80.00999301,47.42993507,-8.561129988
677,41.2577137,31.27502993,78.52821939,-13.91852749
678,14.34952064,-0.051838554,-4.137462134,-8.248407178
679,6.538480486,-1.400301114,50.44780495,-16.2305373
680,12.70094806,29.27395113,-16.69320295,14.08844366
681,19.05694536,2.109721548,11.04402971,14.50387255
682,57.06944468,10.6024103,13.2082593,5.584186874
683,-0.561819281,23.10972155,19.06244506,-18.71142638
684,14.28662274,31.94913254,-6.983974717,-22.92955258
685,-8.200150035,-22.1581985,3.232200601,-29.41632535
686,19.1792917,54.62411294,-40.40234151,-33.21413388
687,-8.470747492,26.07044742,39.94913254,-1.050867462
688,-14.99564659,53.4842459,65.04704173,-2.517879248
689,77.02672238,-1.339689322,133.8791854,-28.6818024
690,-6.748244024,39.99035129,-2.485050889,5.886641749
691,74.33670894,90.62794812,84.8717291,2.129754729
692,-39.9477266,-17.30788962,1.358571945,24.55248673
693,13.44867423,-15.56032369,-13.14592702,15.45086733
694,-6.100691284,-1.020682197,12.43979937,17.3405761
695,40.82707922,-15.56032369,3.115504977,17.40614888
696,17.6583833,18.59884721,30.19143064,10.04183419
697,36.41024652,-16.37138475,-20.31765102,11.28729336
698,-9.940419549,30.3591904,-47.1019599,-26.34308384
699,26.56252058,-6.271747239,-16.12592558,31.48482117
700,-1.811669334,21.99417996,-5.04109328,-22.53521441
701,33.83831587,-1.655805253,71.45302785,-17.90874469
702,-6.644047507,32.95890672,15.09125531,-68.28227497
703,3.585376438,4.838315875,1.091255311,40.332437
704,37.06998714,30.44642848,2.426796262,11.63464915
705,31.04053881,0.605200823,16.84250204,42.71317802
706,17.83268593,13.45624459,7.891582581,4.703361911
707,9.575752496,9.703361911,40.75244246,33.12888379
708,20.10785088,19.28441717,-2.02951054,91.98221785
709,22.84621537,41.66217143,-31.67679012,56.47665098
710,70.42960468,-2.797352388,48.32320988,61.28644636
711,35.96877545,39.84700518,-2.02951054,-3.254753603
712,-12.56385339,22.9377053,-1.403062994,19.22518015
713,42.19328152,-22.31384347,-13.95479774,11.68615653
714,43.61924189,63.77134861,13.04520226,-8.245389979
715,20.49346751,13.7769149,24.96001018,-6.591724568
716,33.13459074,18.78569755,-19.93502743,-10.58613424
717,10.04203397,23.30781474,10.94867484,25.98588179
718,49.34424759,9.111652134,26.44313033,27.36798855
719,23.57684305,20.25088847,12.62974768,-16.95796603
720,11.21303018,-0.466654672,39.3965548,27.94943353
721,55.69167845,12.3965548,62.60153642,-42.33639743
722,27.2164813,48.06131593,71.86605638,37.71341883
723,-34.17842913,10.47740413,64.54559522,-27.48543785
724,-9.077079687,26.52751788,-22.74189484,12.01175438
725,35.89485154,0.450781358,108.8971403,19.07454295
726,-9.274780902,20.32981667,159.636385,-2.930938566
727,-22.62232109,58.38196843,7.340680675,-47.52857631
728,41.10206235,-10.69923937,153.0510318,1.079840746
729,15.2497301,-1.499456324,146.0499471,31.69924195
730,5.961558344,19.0032556,133.2529844,-29.99999871
731,-6.298588509,-8.249727516,256.4346879,-1.565312051
732,3.438538959,40.66390966,265.1619346,-28.83404767
733,40.41290867,7.157710587,83.30028451,41.64331047
734,30.37171031,54.41293902,59.20711,11.33562971
735,23.76270847,-8.595555698,301.0625477,-5.858691499
736,1.757267483,14.44759825,-2.040412984,-5.260644937
737,48.06970299,30.72144264,-21.12366033,-30.71006505
738,26.86738346,-28.26064494,-11.6183837,35.75974119
739,14.61132667,55.22313408,-8.719021264,-69.35284849
740,43.74791965,23.64343863,15.80388959,10.24419022
741,90.88411507,15.61172424,2.412100034,-16.8285764
742,29.39530335,1.027769333,30.89157392,20.11545366
743,5.139709206,-33.35656137,38.59492755,13.38784449
744,6.449343335,14.35854816,-70.61516903,-10.6211424
745,28.44575932,49.36213218,87.04335925,21.38602564
746,8.888915353,0.376468257,68.41230846,162.3513801
747,46.39080434,30.13770643,49.37049489,23.2837461
748,42.68282614,29.15164288,198.1459433,27.67899161
749,2.255669014,32.71235674,50.64420304,-45.51597372
750,6.456059667,-19.22858208,-10.90797981,6.741887329
751,25.22088045,19.20863317,200.805723,-16.2269367
752,20.06278929,20.59330022,-49.65008926,29.26332657
753,-33.62272032,49.14937346,-69.3091254,-36.96547512
754,-48.30733446,22.59330022,-33.4203921,-27.65008926
755,11.51160938,-18.13506159,30.75188077,-5.534153506
756,56.14969999,29.88113159,14.19544761,-3.303534424
757,-10.93049088,13.30787597,88.59534156,2.446794373
758,25.38974241,0.595341563,50.23527794,-19.81046968
759,33.42789718,54.33807751,-33.85197557,-4.347606474
760,-12.2089207,-22.77776178,498.4583934,20.56152368
761,74.80276392,12.78614379,58.84374029,-19.66256878
762,80.28124791,51.09936258,121.3303919,-32.26260034
763,23.24472739,9.53545701,502.7479248,26.39363384
764,12.62840109,-5.01259128,22.08191389,35.08281927
765,0.603955759,-32.05238606,306.1414947,-10.91808611
766,-7.728170398,10.10545383,297.9941719,20.70117707
767,72.77151691,0.440296136,-28.44012799,33.74353446
768,14.37509688,43.73289815,6.035167912,26.7263662
769,6.93937352,18.51457,38.24305602,-12.70817929
770,54.8053432,6.284745279,12.37509688,14.85609735
771,28.2372612,42.80332585,33.29182071,27.85746939
772,-48.99178177,-17.44507957,380.8216947,40.80328819
773,58.22327487,-21.16340068,50.22327487,-36.98671847
774,43.44992376,-1.367300252,5.483234888,8.416192182
775,19.71494709,-36.32342734,440.4230703,9.554920433
776,38.3941932,24.91509731,38.55005112,-29.85572466
777,68.41440832,15.41385713,230.0555689,-11.60273947
778,27.67213016,12.31466106,231.5617895,11.18330495
779,8.714334878,28.106239,51.72170035,51.03937387
780,53.08871639,-2.358973274,16.47368189,3.808371562
781,66.23092331,27.34206277,-3.254352592,-16.48035257
782,-13.76523366,27.7372681,14.6075095,-16.67283532
783,-22.37573188,17.77458539,13.76075622,-7.216766354
784,25.16001205,-24.6707317,40.43692664,-15.57833484
785,28.51378602,-47.45541503,8.990755805,24.29846934
786,-28.62467127,27.29846934,9.790700603,-16.22456087
787,-0.824726475,69.03681623,10.43692664,25.09841414
788,0.77307697,31.62318108,194.281449,46.48970893
789,29.8087322,35.7780607,194.089773,37.93142499
790,46.24812102,29.14813703,5.909300339,-7.976882987
791,43.44808898,18.2648651,18.00345326,43.33981304
792,50.64952663,-27.86680475,33.76883955,-1.231819842
793,83.3160325,49.9359811,16.04210633,-11.04931229
794,5.224613876,-1.322249374,-13.86746414,-16.52885975
795,14.71866058,28.40580264,9.40547294,-30.77670491
796,-2.443027086,29.69171007,-5.146829754,-39.95286979
797,-5.875083609,-7.786782651,-17.11898469,23.74515612
798,31.14698469,11.97161586,-9.938933379,41.10520322
799,-6.172402978,19.58369594,-28.77284624,-8.326853305
800,25.62887729,-11.82906854,21.14249445,-11.36107272
801,-10.30061853,-30.11252971,63.22390366,41.3609842
802,27.57024042,27.61330922,-12.35050551,-20.76468551
803,24.10865917,-20.07307043,26.8608387,21.80336195
804,-2.096938817,-0.824280187,79.24388447,-22.20902176
805,25.44836318,-23.41298257,9.289579265,10.25403494
806,-4.733645666,-13.75611553,119.2702862,34.16448488
807,32.63384747,36.58701743,0.258456913,-56.09693882
808,36.02960343,5.043723665,-49.40508347,13.78615795
809,-75.34446826,30.13873599,79.70940013,42.73264762
810,-28.42850998,32.9936315,3.603685736,-16.26218037
811,19.92748623,34.12978776,16.95626377,-33.99364406
812,72.62540834,31.7174827,42.30449027,-7.603435363
813,16.4040138,23.07674544,-48.02387695,72.76217767
814,16.6328575,5.766806985,-7.481564352,-19.00219917
815,28.64030666,15.96867388,98.27947775,-34.90945511
816,-17.37812564,-26.13846448,-9.613146817,-0.843528007
817,0.331577879,33.79698025,0.74634493,20.74634493
818,22.16111198,-1.548591539,14.03664141,13.97208613
819,-15.54859154,-0.783612716,15.62651435,12.45604845
820,5.870136566,40.57866945,34.95328849,5.09978595
821,14.09935056,-6.004700162,53.99486445,-4.629645739
822,50.78698465,35.32834291,12.41193022,16.16160368
823,-10.04671151,10.68402635,22.87013657,6.516416334
824,32.80581591,22.3849033,48.71249342,5.186500818
825,49.13381266,-62.67016945,-25.48352447,6.619577558
826,51.13381266,5.263813549,3.728503183,1.559790779
827,29.18847879,30.19825832,52.20914742,-28.70178234
828,-9.87913988,34.04804462,372.0659835,24.5748791
829,52.04505482,-9.660227159,147.4671335,4.316730909
830,39.54953953,-47.75384563,340.3885533,31.18513477
831,-12.55909043,9.334669745,451.2748736,7.095881517
832,35.91432551,13.40393827,-3.832398255,-9.989130498
833,4.842944927,5.320440302,28.89610754,0.733921159
834,-36.03244086,-7.323360283,-1.538851305,13.85974261
835,8.297542028,-10.74024319,55.76628503,22.17928229
836,11.81705008,-22.95411109,16.38223303,37.19443339
837,20.34721595,-9.771795999,5.817050085,-13.33394846
838,75.8188341,-5.561003271,36.62679637,11.42148819
839,67.55252413,4.666051535,50.76091767,5.666051535
840,-11.39012822,1.154222048,-17.19187375,22.34789254
841,12.13130215,69.54083585,-33.62253707,74.82683354
842,28.46868094,55.27501045,50.37746293,5.589469342
843,34.92183546,41.19547787,3.038017626,-10.649168
844,47.5313782,20.4749559,-13.57312116,29.18341005
845,-2.816589946,28.47912852,-44.0903562,32.45300368
846,40.61392534,13.50942598,43.7006451,48.29208203
847,79.45300368,60.42270622,16.99219094,50.6442228
848,15.63883922,18.01099049,-47.50716438,25.4564143
849,36.81541045,0.091083613,42.91216488,-2.101465445
850,5.566008113,5.868755501,86.41876871,30.01628273
851,25.95702683,27.74403312,26.42832066,-4.101465445
852,-23.14725235,11.81131294,-0.440994607,-4.307922951
853,12.762094,-3.398737918,16.92292592,-18.02126759
854,14.67127903,35.1537748,32.47543864,4.174572811
855,-8.571006995,27.9579344,90.27959824,10.06462497
856,13.85926887,-13.31620575,-35.12681419,12.32167256
857,40.87318581,22.86759959,8.321672559,25.55008129
858,17.73947286,-1.04877985,-16.27718858,-11.0794663
859,-8.321791976,55.91220298,-34.63656577,-12.95408407
860,9.807696949,-1.670008167,52.26553836,4.933762896
861,-1.465051233,11.29825369,23.95713099,-26.72154145
862,-16.82869844,31.03645055,3.980499087,2.639376389
863,30.63470277,19.55992486,122.1238587,-6.328668623
864,-6.53886912,7.149946697,-17.36189814,-7.487396387
865,25.77005995,-27.75296844,270.3442297,8.930433001
866,40.58058046,40.43282486,49.80982012,-1.841243138
867,-8.151147965,-43.25295564,240.617464,70.52305906
868,28.11846868,-24.05892545,-15.34934892,33.31200986
869,1.844192262,1.844192262,-8.123513642,-17.75257833
870,40.4571099,30.71523927,-10.83309017,-10.84923722
871,6.425039199,-18.9784136,62.66679813,-15.23631958
872,4.821280652,59.35034956,32.8659334,20.35326386
873,23.7936689,37.00152269,15.8488924,4.530591598
874,30.58872941,15.24820063,-12.87928738,26.73553109
875,6.674478973,17.61634116,-15.84046324,-18.34192039
876,9.975380181,26.30645741,-12.3641458,6.947244875
877,32.41282301,28.82010495,1.947244875,54.95718014
878,56.6741187,-26.03306857,-3.635591529,-36.1883438
879,-39.29606555,-22.41671598,38.48141919,25.28416712
880,23.8818779,2.962037893,21.80526251,29.19268473
881,-13.60042159,19.96203789,13.84343699,42.54042559
882,22.75300404,43.56478252,-14.77533484,-9.372511784
883,-0.041530995,0.478410891,45.95132262,-10.84974058
884,24.60107554,-0.687804621,26.63509479,-35.38660589
885,-22.60425991,-4.171710985,358.1431705,-45.53024698
886,-3.657518959,37.75713671,7.889332489,14.32386879
887,58.85364516,17.75725353,0.193439502,-4.062164973
888,57.70592512,14.40313447,-5.588751254,-10.5937877
889,21.40453348,-3.597425138,68.41516598,-20.60218178
890,-20.59518672,101.3898938,55.40313447,13.80833545
891,68.41264776,19.41600539,51.41292756,7.794434117
892,56.06078585,35.77249225,174.3354195,-0.540564805
893,44.08467744,14.77245556,45.79243058,-12.74427995
894,25.10793634,-5.737947702,169.5802248,-4.339454702
895,12.8349248,22.12787466,197.4289657,2.40983601
896,24.69009856,0.72406876,-22.51491382,-42.0926686
897,32.73135827,-10.66184769,6.09334658,11.72771352
898,12.12091948,30.31405271,-34.52713428,-8.616943217
899,9.686453804,13.64154933,-15.74526321,38.82481197
900,0.105778471,-2.607686804,10.3923132,0.959639572
901,58.2461743,64.17597638,14.02983748,28.95963957
902,46.82498682,-8.607686804,2.029837484,15.82498682
903,5.322115283,-4.824023616,12.74904583,25.18171946
904,13.06766243,28.8875031,135.6626709,-13.95859279
905,68.6815055,24.70697792,213.1178245,15.97106318
906,34.68479336,36.40130891,141.9108362,-27.95859279
907,-4.83749727,13.58151801,69.12974303,23.42678133
908,26.5519808,-20.60917246,18.53194769,-18.74276416
909,32.27378995,34.00744925,7.102354825,13.27378995
910,17.45409793,-21.4480192,8.5519808,-22.04564967
911,46.50561566,-8.550458863,-4.550458863,-1.540749483
912,13.96165214,-30.74462801,13.953092,9.794362875
913,11.02486743,30.02356798,32.8661383,5.385884383
914,38.41091776,10.0158955,-2.355394327,21.41410112
915,49.84819444,31.83922252,1.282287772,-23.7715438
916,11.98968716,22.01395284,-15.49430378,29.55321924
917,6.100238079,-11.74067964,95.12783987,8.299090929
918,19.2040449,29.92684381,17.63276038,28.72005396
919,10.25156791,99.06084119,-23.09760642,-50.23196091
920,3.887915056,66.53476048,44.56449234,-14.46523952
921,51.09361957,6.461035449,86.73366878,-25.42804257
922,10.08682336,14.1673446,5.211337767,20.81419003
923,3.608485508,0.925112005,-29.22980314,30.41704229
924,49.11306039,18.36896968,6.453928031,33.01207969
925,26.77265773,16.44247836,-21.25470541,15.88959198
926,13.16195505,14.8526854,45.25232908,12.11767217
927,26.00693399,18.19863368,-1.702594457,7.581681015
928,9.575225156,80.23775348,294.5789661,-38.79746179
929,20.69133002,25.52759486,41.14046309,-15.23222386
930,100.4551345,18.20253821,32.44271949,19.55556235
931,126.8526515,33.10524782,243.5424511,-1.292269179
932,-7.50919503,28.01700631,41.06940898,5.468967994
933,-14.11836474,10.394698,44.25932696,9.927483808
934,33.58905619,-15.22317009,21.67202456,43.86194254
935,27.37286103,15.18294305,47.85979828,40.76154706
936,30.13586985,-7.698241482,22.40352988,-5.233355146
937,-90.03686173,41.24159494,7.278977756,8.519632053
938,21.67734201,-5.322657987,-14.63413439,-0.573256766
939,30.92835786,101.6979002,10.40352988,22.84323069
940,0.757997541,-7.024619725,0.194278513,6.598615415
941,21.92141347,21.84869997,15.64854842,5.61257055
942,7.611812798,35.87090784,17.36699962,-37.92252012
943,-2.769743615,-7.569592065,-3.369440514,-29.47888963
944,30.32058075,25.43923673,-15.80033097,-14.34518229
945,29.65617314,22.1582063,0.492443255,17.85594402
946,-24.04137478,19.32329162,132.3226446,-5.606661824
947,65.02645109,16.3300688,29.36475436,21.48024433
948,-38.16283892,40.17313906,-17.32014488,21.39846739
949,-13.05424135,-4.943492079,23.83716108,-58.68114794
950,10.46050828,30.83765847,-2.164308078,-25.32014488
951,-37.28838986,40.89920197,-12.00700212,-5.164308078
952,2.210772871,60.90375622,27.00549066,-0.296268475
953,-0.236912156,-2.793921359,7.054277037,11.15259803
954,21.71311999,20.5382072,9.318482326,6.874310051
955,-23.66274075,18.87900428,279.8836607,28.54723569
956,-29.83844296,5.10449571,51.17225557,-14.54217629
957,34.10376504,22.3228838,190.8713666,-14.74602731
958,5.281525044,4.625324955,63.92965838,-24.29351688
959,28.96107676,48.70035055,39.04524238,28.98671971
960,-49.16667081,-5.199253302,69.3583116,14.45123908
961,33.18355779,-38.5820644,26.43458734,10.92697006
962,5.614891731,-0.379557689,52.70614663,-7.073022339
963,12.44013792,45.43458734,5.013626766,19.16690605
964,14.52874696,-16.47125304,230.3747598,26.04597471
965,34.140098,20.36149519,184.4594932,35.80458859
966,16.64366451,36.84481961,60.88505063,-47.77626306
967,39.609209,-73.72706369,81.36626823,-12.27781497
968,-18.58313281,8.295869311,72.23890535,-36.85714553
969,49.44888415,38.69087991,80.56988203,-20.25689231
970,-41.67918369,-19.88916249,81.11083751,36.2104316
971,-47.64185015,20.93287567,73.86884175,22.53003725
972,18.98087165,-2.39089552,8.729747623,-23.28723019
973,23.6100037,19.93460423,229.5689978,24.73594346
974,43.0495342,39.08034216,-14.92635522,8.61894222
975,2.248074271,-7.270252377,293.0401579,27.86615192
976,2.983254418,12.09599567,58.17442924,-23.71282951
977,61.42688379,15.98768401,41.36560406,37.88415853
978,36.0175621,1.983254418,38.80923344,8.1572754
979,56.2633788,-2.477528797,21.67710757,-24.36478754
980,14.19305237,10.6086115,-4.151144585,2.297519008
981,-29.27071904,19.91732962,13.72928096,1.066879192
982,22.7003516,-36.3093918,9.641290302,16.50248934
983,11.7006855,-6.631384606,12.18283615,10.40082078
984,40.0729467,-14.02521088,-23.63440698,70.97478912
985,9.170114323,49.58215882,26.84748609,2.876631547
986,58.56107171,3.749328516,9.312980032,19.08288023
987,56.35284669,40.53844064,-40.99991695,38.55301337
988,4.998970098,0.402078636,-2.024844593,1.929528668
989,-32.17927014,-19.62073473,6.107768907,47.83627255
990,120.6891177,-27.47357987,37.46424938,-40.03211528
991,24.56477619,37.03832748,27.30155183,0.836272547
992,3.455068021,2.864366541,249.4805244,-2.354053121
993,11.16812673,14.0812607,114.3475085,-36.73524686
994,-2.778466089,27.67116538,9.213022047,14.93015585
995,-12.22097399,45.37210257,38.08494378,25.24483815
996,3.126039184,-12.03460026,27.73035067,5.382645707
997,-22.03946889,-17.73001019,3.591268688,27.82631776
998,6.195580178,15.9174162,-15.10414125,4.826317757
999,-4.061026344,36.66080968,-3.617354293,15.77833422
1000,36.28782969,-39.00158354,58.82922913,32.03225392
1001,46.49085448,24.23886827,2.67875532,18.99841646
1002,71.33679111,21.38934209,35.34038067,31.84435308
1003,50.13376632,0.302953643,-9.069258472,36.70900322
1004,53.72391568,23.99188701,123.197758,-7.584890772
1005,25.12499272,39.88895152,117.8791666,17.40886282
1006,25.94126693,28.73713632,115.0965178,0.558879841
1007,-20.12083343,-37.49174024,177.1684031,31.99064742
1008,7.902752104,9.920849634,134.8140999,-0.023337265
1009,-20.32650805,-23.04628344,-5.674922656,-8.801097053
1010,66.35286081,4.9298984,91.59717285,-14.98302864
1011,6.77454888,93.00750039,40.58148379,-10.39767404
1012,-30.86677565,17.69281249,56.82751867,13.87934188
1013,36.17209175,18.5995478,40.29384213,4.146180148
1014,38.63841521,-65.59993738,42.10731274,23.23944484
1015,23.25240064,12.97260657,14.12026854,-16.58698158
1016,-8.729789851,-17.04049448,42.20280664,36.01902542
1017,12.80004415,-16.72978985,18.70473829,17.11420188
1018,15.56019614,14.01654972,4.944381198,98.1618802
1019,-1.942842314,54.48187954,11.18768231,1.788372933
1020,-9.882023551,-0.843953775,-47.16488018,34.53779847
1021,38.72027599,-33.21049956,-32.72256895,-13.40409713
1022,47.17125269,-41.1192608,47.31650943,9.765895374
1023,10.79950463,-25.69188917,-22.65307765,12.26249145
1024,7.080330596,1.066262844,-0.450736199,14.65946323
1025,-11.4507362,-19.46480395,17.36286304,-10.79540223
1026,33.61139739,23.67353098,2.89392983,-16.4507362
1027,12.84586399,3.362863036,31.36286304,-13.4507362
1028,13.2956505,27.84592027,17.64373722,-45.74971362
1029,12.57223772,-61.81360306,-22.42776228,1.242791143
1030,6.941754434,8.183371753,-20.53701584,14.1225075
1031,-4.1663915,-27.16168979,6.441554169,-5.258897128
1032,20.7155665,-9.388207143,33.74789966,4.439274609
1033,9.645473953,68.20289884,109.2904345,20.95679487
1034,49.57674084,51.43792668,-18.91852011,-10.07823416
1035,29.97861505,62.64547395,56.19668681,5.129313119
1036,-27.39742706,57.90298126,178.3701226,34.89400171
1037,11.71034521,37.71545193,62.7642225,3.230328231
1038,56.56216497,30.38811661,65.0511615,-13.41538616
1039,-0.625981311,11.54869565,106.5801241,26.5292917
1040,-44.49697176,25.29279405,278.8664089,15.58597401
1041,66.4375003,16.92415359,64.49865675,11.97711119
1042,-11.28215808,39.50325098,29.37912075,30.08693136
1043,30.91440198,42.92354066,30.90221702,-10.44687939
1044,40.20140659,3.964181897,-14.71009283,11.65023565
1045,-1.869128208,-22.40027109,-14.53132665,-54.18690171
1046,38.13087179,-12.85705193,-14.96248718,36.91750241
1047,27.50327655,12.51814896,10.32863489,1.646408393
1048,32.75988119,8.181055075,110.5493478,20.43406658
1049,32.46559703,-3.023477588,38.21258552,-25.55542327
1050,18.90956031,78.80703589,200.8665488,22.55524421
1051,37.81319987,-6.071188493,107.4244722,53.95257185
1052,31.1782977,10.84995806,-15.06610315,32.87577801
1053,-14.48614226,29.96360818,3.791264399,68.09693992
1054,-21.78770773,30.24092067,34.10167687,34.18519565
1055,26.70403434,-24.03702646,27.01051769,1.21974657
1056,-0.13387676,8.085702238,-10.09964963,-29.87744071
1057,-21.09964963,7.875627034,78.50585264,-6.124372966
1058,10.96973232,-8.535019578,13.6436872,5.117070666
1059,-8.905246756,-4.409545865,-1.114869171,42.43361199
1060,3.769818289,42.67839046,127.9901677,-18.30896314
1061,22.8096168,7.423919619,-5.29798989,29.06540943
1062,-10.08467423,8.566246002,75.5409532,-19.3385939
1063,-0.579024738,-31.57428062,14.5535996,3.945847596
1064,56.83658064,-29.05129855,92.17815777,-21.39518473
1065,-37.20711407,-1.674054828,-26.31617456,16.14590263
1066,55.29745119,14.64159855,17.57366254,11.28832066
1067,30.37421493,47.93407169,37.3350757,0.366228426
1068,88.06880391,-22.45121095,844.0451683,-20.76623903
1069,5.708722208,14.02921714,2.248798339,29.52872778
1070,55.04874263,19.99876496,256.5567652,16.38512595
1071,-33.00268515,-11.47127222,91.08877234,-10.20247918
1072,10.57589132,-15.46561667,3.83681322,15.33209927
1073,29.86404415,0.096645314,-16.73112045,20.31595638
1074,17.95297832,68.82957185,75.27414786,3.232001376
1075,74.98745063,-24.88914289,10.05513732,-25.10148354
1076,10.81183357,1.801616271,10.71589458,15.86491172
1077,-0.833070732,-9.240467178,-20.56369673,-7.520058486
1078,-7.80042719,4.897555263,-17.99429681,-7.961653266
1079,16.63017289,0.706454674,22.07099028,-18.31597157
1080,-32.36410981,3.959396496,167.9422608,10.44970513
1081,15.63888632,40.76437328,49.88216156,27.73926214
1082,47.90973352,-38.86257523,-16.95417239,22.89373201
1083,30.04582761,19.90137298,47.44970513,-28.6275298
1084,1.47049808,42.37782045,19.38081716,7.678971538
1085,-8.754063756,15.80000173,212.7535978,2.074896751
1086,19.20902376,-14.10908527,-18.83707928,36.02233046
1087,21.53401552,-13.54914209,16.64962749,5.175895498
1088,74.60808349,-0.990643783,-0.478358067,2.785880893
1089,-37.04670016,26.85373414,-31.7524256,16.91800037
1090,64.16113284,-34.30547495,-22.61539183,4.598254918
1091,17.77176528,46.96859258,14.21390787,6.932743232
1092,26.44161951,18.50921086,43.13694499,-3.847035038
1093,55.33108791,-15.43989687,107.665688,36.19190035
1094,-3.113973559,11.31936775,25.05858297,64.58934962
1095,13.07601009,24.30180303,59.30564177,22.79291871
1096,21.06476516,-7.46591016,65.47886916,-22.05180615
1097,46.79175228,36.88071326,-32.14689708,432.5402198
1098,-41.6775724,7.506479501,20.57396009,59.1383757
1099,25.81936262,22.19359638,11.62918077,29.88684321
1100,4.391617895,-7.655208557,3.968384229,23.99742631
1101,22.19778543,2.885989039,-11.36119653,-1.096226592
1102,56.65658784,21.92155778,20.3916179,12.59197702
1103,-1.708561665,-0.719819378,5.868204669,28.13317461
1104,42.52494024,31.14197805,38.50143183,-34.47505976
1105,27.65327496,-17.24495916,72.54844864,-6.002858822
1106,46.53277637,-10.47505976,76.2778101,2.76343813
1107,32.21250326,-7.619524051,5.181158724,44.5406125
1108,-0.383911574,12.08384011,8.253259605,25.58390054
1109,18.47901797,1.390289772,-0.617787416,-6.900045805
1110,26.82577299,-0.746820974,-9.867777344,-9.875773953
1111,-3.609710228,5.398407249,24.39028977,-1.658092776
1112,43.6484832,38.68909757,70.66346648,-0.832523131
1113,9.557160993,5.732318932,17.20545991,37.21418219
1114,-23.2556235,33.99355044,30.60386631,9.074337987
1115,73.98985491,1.230059225,-13.92593377,14.12077155
1116,-11.00782579,-4.958998658,2.007861302,-7.673484498
1117,31.14847743,55.1671884,-3.782726442,8.710941951
1118,2.920354206,-8.279256421,43.36091357,-10.46407224
1119,19.92171019,24.74534001,-10.30776902,21.95771486
1120,10.52432061,3.317743872,290.3487041,-6.027323571
1121,-19.90133985,22.29990736,2.70820201,4.685506662
1122,10.8920834,14.04076247,26.46642294,9.32397354
1123,4.811490381,14.55952294,204.202314,-7.533577062
1124,-1.282684838,-16.46801096,61.77421649,24.83469832
1125,-0.28735303,52.63811211,46.24576583,-5.848789649
1126,52.65418327,50.83578602,7.828783731,4.553511012
1127,15.32943903,-34.34192027,55.71264697,-1.773093802
1128,11.57373708,48.21377049,28.51051789,56.39375379
1129,59.72386236,-13.71950717,1.833620162,-3.179557275
1130,33.36389576,-7.94953222,2.803762139,-42.01625456
1131,-53.88280988,7.607098256,-51.57288504,28.78708155
1132,0.283462179,-14.84412091,14.3168413,-55.55388036
1133,0.414435772,-45.00508312,-13.77905793,-27.00593075
1134,5.683630587,-15.41522784,-11.39207053,27.73636019
1135,11.2843098,-14.11865255,-24.63577611,9.768891683
1136,17.02234135,-13.93359579,32.23125625,6.923498345
1137,31.57184812,2.549901957,34.6267988,-2.724851429
1138,6.923498345,11.90155218,7.626798797,37.07729203
1139,57.69280782,16.79165083,13.19825173,-3.461156395
1140,12.12709325,6.794858151,2.479967413,20.3624946
1141,-1.191761277,11.5981238,28.12732111,-19.89528551
1142,-3.755138996,2.554078876,12.61104338,-32.75543393
1143,-2.578655065,-0.81405641,15.70965116,14.87466661
1144,39.00224505,-4.663644852,18.16497918,11.44617165
1145,-9.073296257,12.42354798,-9.592764159,31.55598814
1146,-30.51722286,11.55598814,6.148667043,34.49675897
1147,-6.72753463,27.89009824,-16.21971825,-19.22204856
1148,-9.219424437,2.926521905,28.34273654,2.68462809
1149,41.28990962,-37.75726102,73.93536937,26.26706337
1150,75.41570971,21.83787994,28.80489995,10.44123516
1151,-16.78646348,21.39076665,15.15210954,19.99949508
1152,-30.06440931,45.73519895,-23.13003648,13.68597857
1153,44.72973002,42.72973002,15.85902566,-11.76753552
1154,10.75707467,4.573089723,-0.086285036,61.42738729
1155,-43.77847338,35.88637031,-12.98433405,24.2543402
1156,36.46482735,6.273755064,213.9780523,-2.983073538
1157,25.56415289,-0.524894912,215.8776835,25.9994041
1158,43.2734013,-19.60581842,139.0703489,42.42490994
1159,30.09342301,36.24574959,152.8104984,-4.113527272
1160,28.46859973,25.72609753,-19.02951141,37.75748892
1161,16.69470614,-5.045668199,-32.77838028,19.05745474
1162,40.32474952,-21.75372895,0.220777004,-6.437226097
1163,6.405816951,25.74179323,-2.136792317,16.34257101
1164,-9.161870436,44.33944391,-31.64501392,69.04905189
1165,14.13804194,1.605643253,0.78887436,-11.51103802
1166,18.50450415,18.22188641,175.0307085,36.89281248
1167,40.77245596,19.90555563,175.7591728,13.0550737
1168,33.12836151,20.20833792,4.302906461,-44.49111549
1169,18.43019633,45.5482286,-6.359657358,-38.20040492
1170,-10.20040492,-17.87035026,29.14932178,19.14932178
1171,43.70057572,51.18866587,7.691398829,-30.22007697
1172,17.36422267,17.62828471,-19.60411952,6.172912678
1173,-20.81866993,52.1564088,11.13990492,6.884260268
1174,16.92535451,17.85125251,24.62019822,0.884260268
1175,8.611780833,38.06580292,2.966779657,18.3049437
1176,-15.7781504,3.186527586,48.31296382,-13.71624783
1177,-0.98084104,24.71463131,57.02977054,-44.84641105
1178,46.78166908,11.8566706,95.72790313,36.38212037
1179,5.404239988,-26.44448927,66.72790313,-34.31601221
1180,23.09272488,7.013018639,-12.88734857,31.5827616
1181,-27.52351339,-3.503586827,34.89851352,-13.46373371
1182,-9.026834479,-48.12410098,6.006376452,43.07137612
1183,-6.013550107,4.622614714,71.46320224,54.67860178
1184,51.14523063,0.378183587,9.378183587,1.968498093
1185,26.06089998,-1.874024307,17.92034891,-17.19622541
1186,4.723577407,-6.987249203,-29.93102877,40.48157348
1187,28.54684487,-38.84669813,1.68589564,22.51873466
1188,-0.25173097,7.061385574,35.20067302,-8.179024864
1189,11.99448317,-14.22262758,60.27694408,-6.102753797
1190,35.82097514,-30.00255303,52.09971491,21.5932669
1191,45.61850643,-11.33611187,13.11453936,-13.0632034
1192,6.031175227,22.09400756,10.06350057,11.42018762
1193,-2.579812376,-19.08810193,29.67630651,-1.973154464
1194,61.67978459,18.74335196,10.67978459,17.60247859
1195,3.871411401,71.3526977,48.22768011,4.514724342
1196,44.21653671,12.58468662,51.22285881,-38.16302707
1197,42.043785,15.36787224,33.72601985,-8.026905785
1198,28.78704695,-12.66939164,59.5853924,32.02675482
1199,-9.263272061,26.98198637,8.009724637,-4.704634475
1200,-30.06395771,15.68096922,-16.04751201,9.952487992
1201,42.09239776,33.08006694,15.34478874,21.35862336
1202,13.93612712,54.62737521,-24.88017367,-21.50146686
1203,35.88182075,42.59994664,40.39382689,4.851611494
1204,8.758866203,45.63713587,23.53295507,-1.693747016
1205,-20.43048122,25.86802379,3.403637249,8.198001037
1206,-18.0220192,68.02757857,-14.75330683,34.89160547
1207,26.85534483,37.13585843,28.06279232,-18.36376977
1208,35.58533716,-27.1932517,38.95435573,-35.4404807
1209,15.23848659,24.12778102,29.37501002,-2.156349841
1210,-1.193251698,36.76984644,-25.37776099,18.62223901
1211,1.954355732,-11.11944798,22.84365016,40.95435573
1212,7.919351176,24.24199646,20.91935118,2.034965424
1213,19.24571955,-23.45967129,-1.704010041,-8.962650893
1214,44.54032871,-22.33571415,36.66428585,-8.96026721
1215,27.7942022,63.35279341,-15.8650774,12.79301035
1216,19.40054819,23.66301078,23.07297714,-12.3259597
1217,19.9399982,69.82430609,120.1173035,-3.811330755
1218,14.2502824,5.178916617,9.022249314,48.62558745
1219,3.957285039,-20.04271496,101.6913271,-27.64211373
1220,-18.21034227,1.271415729,21.63176898,-25.34483589
1221,-12.736676,-4.298045614,28.74874466,-7.871169618
1222,12.94530035,-1.029058374,36.77213979,1.5147933
1223,15.7662626,5.649122464,-61.00566324,-17.4024689
1224,-47.68687605,-0.175883708,-4.772087464,-8.431405201
1225,1.940834052,-23.93771268,13.53389386,-0.12697625
1226,-17.18947419,-44.70766115,27.41668932,-14.17588371
1227,35.92821909,-8.585967837,2.838322816,39.26575741
1228,-8.541593588,50.27200979,-45.87804206,9.862871749
1229,4.826526964,14.74916469,120.3495489,66.2309923
1230,0.94023402,0.121957945,37.57211347,19.18104284
1231,10.11728524,-11.67793429,135.4923752,-21.69631813
1232,7.746496167,-7.361690133,37.17586142,28.31524361
1233,21.02227526,7.037971873,43.34044025,18.60691665
1234,-13.99342135,25.5772134,5.668013117,-16.03704929
1235,41.2689256,-3.869538438,5.331137551,-14.0231246
1236,24.29932712,17.38416596,172.2809276,28.97247724
1237,4.206737891,-3.102104652,68.53326265,-41.34861455
1238,4.656974529,18.92899784,52.94957883,-0.658528179
1239,14.82232057,-43.38064107,71.55853997,21.57912097
1240,32.21077169,-7.447436033,12.09050997,4.596966328
1241,16.59605519,15.82654408,407.5248985,-0.018648525
1242,-14.21427124,9.615847055,26.61584705,53.87282274
1243,40.47659246,-2.055049086,17.05252421,4.132344028
1244,23.69102458,0.075394693,0.169162032,20.47697698
1245,37.93185001,0.245717199,-21.56863727,-7.900366335
1246,10.72291008,13.08496034,14.47857125,8.967898604
1247,26.4916503,13.753851,11.24477263,11.73153115
1248,-31.9243728,26.49378097,62.84199883,18.40986719
1249,32.38549023,4.566654028,70.74781783,7.085768463
1250,24.40986719,18.85585074,89.50737505,33.60155605
1251,45.73396592,11.14504745,156.0694217,-11.6031934
1252,2.242261792,33.63024166,31.5357422,-11.52418304
1253,-31.07185024,10.10257708,89.26767909,15.98611458
1254,25.41816722,18.86828286,218.476556,-0.282355258
1255,-14.58347901,23.10682574,25.26334207,20.63103242
1256,-12.49178406,41.05316841,12.30600678,-39.58168898
1257,-2.620964698,-11.71086962,214.6570088,-3.800774547
1258,19.74417791,17.7049022,3.89023496,-14.20655601
1259,3.384138347,15.3790353,192.4490325,-19.94683159
1260,16.37059048,-8.444045148,5.802665251,0.944174954
1261,30.79487777,53.29983563,-3.3445037,2.940402122
1262,7.368704063,25.98949236,70.64417781,59.72436474
1263,42.07813899,9.513986597,138.4942653,35.65360988
1264,-22.51914849,-0.917004255,24.77737069,7.765034197
1265,-15.80333118,25.0384957,-2.837110039,17.0384957
1266,-14.04139851,16.27656304,-18.34863888,1.821870735
1267,28.65136112,0.743591832,54.44707265,10.07227456
1268,-9.39591918,-9.748476301,340.0602975,9.572295402
1269,6.275844784,-27.02537906,76.28091849,6.165847155
1270,2.738859148,36.92419184,352.6778451,-32.04834644
1271,61.18731757,20.5681727,11.19896232,20.18778163
1272,31.50775947,48.02395987,48.36136035,21.15203693
1273,-2.506753281,26.45716105,23.00833588,-11.93194909
1274,39.06805091,-52.56056097,211.921218,35.47552469
1275,-0.901770763,39.02015056,20.30164532,43.74287427
1276,58.69210754,10.69735026,143.407651,9.42525994
1277,20.70686699,31.79183614,148.0498793,-9.483815917
1278,12.97656405,14.49857518,310.994173,-4.105555641
1279,-10.51022927,-25.30078038,879.7012589,35.88563991
1280,30.56152234,7.20043307,153.2771936,4.231137262
1281,11.88903537,27.99478851,156.6039433,-26.14166882
1282,17.88706521,-3.216230034,297.6631525,27.72236158
1283,-18.21623003,39.43946881,311.9175403,16.78171486
1284,-14.81644118,6.768627314,-2.935348187,8.577677174
1285,66.60079602,5.618432011,2.168854706,-4.236610258
1286,10.91969408,2.919694082,6.090702536,69.16135504
1287,-9.165637722,3.432719444,-4.370221379,-5.857196017
1288,8.66098936,9.047974179,-27.10167347,-13.37894097
1289,26.64101807,1.469365452,34.89832653,26.26984277
1290,25.59788832,-21.18902232,613.7672263,10.75317558
1291,12.01219337,12.32660572,61.59941726,-0.044569579
1292,31.24884038,9.829493947,3.557160403,8.188242601
1293,21.59237619,-20.21379602,150.2769175,-13.24060798
1294,21.02332174,-13.15886421,24.68929008,17.33504963
1295,-1.96020026,-18.51277671,18.33878043,-16.10864312
1296,-6.617206053,11.95162908,-11.57308123,-29.65099341
1297,15.41194565,53.71712552,-33.85875921,8.598376383
1298,-19.50064981,25.3432026,-5.591235327,-28.3216988
1299,31.29126115,50.58528267,84.54063094,-25.79900113
1300,2.159455139,-5.88475131,26.32951482,-29.55715692
1301,-12.07473056,39.11920685,127.4755283,18.19803117
1302,41.39379329,9.271333059,106.4293696,20.32096161
1303,19.93874289,43.55026599,-21.71343503,-5.554287784
1304,29.18518649,16.09408841,4.192170254,-8.306083803
1305,4.690424312,-8.818305399,57.19915402,22.87149405
1306,-11.05171895,-34.40716755,333.6211247,-7.225951364
1307,-1.982062162,9.59981622,87.85068919,15.11260504
1308,46.71295976,-5.099339712,19.35759327,-3.948198617
1309,48.35759327,9.597285688,16.73774706,15.61327184
1310,2.82091514,-7.915148882,11.48979221,15.42369274
1311,37.63033542,21.26779388,1.365855704,37.61381056
1312,-14.49127929,17.52621423,42.42828686,14.86109019
1313,14.85847911,18.87818258,79.8956761,-44.29998847
1314,1.156562203,30.54789136,16.86734402,47.43438383
1315,-2.653046315,56.95005907,39.34138822,5.867344022
1316,29.99716169,-33.0229925,0.288280608,19.02292368
1317,28.36885224,-37.7377912,-17.02393285,-39.88320863
1318,25.37343168,1.208567307,-42.9667454,41.39492405
1319,-22.83205789,12.81586424,-0.425850655,21.26518302
1320,17.11561747,-29.9542429,9.858533064,7.781485567
1321,31.36471908,14.81661684,-2.565420555,1.378691152
1322,6.684878909,62.0457571,-2.856438383,-26.91232668
1323,24.4277945,22.39985036,-10.45484182,18.83737386
1324,17.49847579,-10.11748452,76.07430982,-5.157610803
1325,-26.30926867,-6.822101397,353.2919655,-12.94156029
1326,4.036817508,13.49847579,266.1778986,30.37854795
1327,-6.957430403,-20.91779545,646.781455,-7.003761987
1328,-35.17443202,37.38644058,-10.30396399,35.12458395
1329,-38.77676078,21.3732891,10.07323726,24.63852118
1330,-16.65357648,-1.363550578,42.05981796,20.69810777
1331,-7.864068517,-32.1847642,25.05981796,3.639557058
1332,28.51294177,32.89600506,-1.571741794,-25.03948865
1333,1.970599988,-27.62401982,43.04048175,-37.35096183
1334,18.72663793,-22.90038742,-21.03734901,11.84372703
1335,56.24333389,28.72663793,5.823549761,-34.95951825
1336,22.75883543,-25.76798183,47.33564075,-4.05863675
1337,15.16700451,81.50973957,18.85978824,-11.76166558
1338,20.11168758,45.04274508,-5.092893491,32.17795462
1339,26.90710651,10.13063634,7.989110549,38.80758428
1340,17.7891453,21.96652108,-3.767415254,11.61176953
1341,16.7891453,43.34570586,40.5873363,24.96652108
1342,-0.969224257,62.5873363,35.14389686,-38.38823047
1343,19.61176953,9.232584746,38.05520897,-58.29954259
1344,29.38090727,-53.27656348,-16.90437775,-1.478028185
1345,18.2723984,-36.39275827,31.11886121,-10.23777148
1346,17.05538066,-52.49503082,-15.68736001,40.56844973
1347,-25.83466088,-11.06723166,-23.57885114,37.27384799
1348,35.85858256,6.445245604,6.50521007,-6.545639902
1349,28.51931238,-8.80886757,6.849511867,-48.56852586
1350,65.26754959,-28.5456399,-6.319113454,127.1900236
1351,-15.80997642,-41.55240401,-6.2336256,-11.15988967
1352,-30.21798481,14.68502049,5.816281554,-9.314979505
1353,3.539528458,3.287024034,12.52323173,4.262775361
1354,60.23852669,-10.82227993,20.78384414,36.70926917
1355,-16.93121402,22.97370716,23.35977005,4.190029342
1356,46.5944866,-31.40345367,10.1666954,25.61822727
1357,-28.47870898,3.279578365,102.2893444,-14.75804929
1358,1.053812428,69.88735509,53.06908377,-22.53228335
1359,18.01618477,27.16096117,-16.40345367,28.08581347
1360,11.14043577,29.81065816,-5.651143618,73.1297686
1361,14.92718361,25.48941397,-24.52125288,-21.18507497
1362,-30.19787557,21.48088055,33.46167964,18.47021338
1363,20.1361689,10.13403547,-6.523386316,1.192201929
1364,32.4688836,20.6337354,62.81178087,-39.33329424
1365,28.12829079,38.85654096,14.66670576,-2.278242737
1366,-4.547601578,5.453700159,32.41942806,-18.2014128
1367,52.02066129,2.518339141,13.50185396,-27.33329424
1368,30.187039,11.83640245,27.00023123,46.09363512
1369,16.72001957,15.60661253,14.95427325,1.232996987
1370,28.14108102,13.2574639,-13.48827927,-18.27849251
1371,14.62959152,1.047677133,43.81491138,12.81491138
1372,-26.52043036,6.759214731,303.2727884,7.118031593
1373,-8.021788016,-10.14827213,336.7693642,58.75245128
1374,35.17981018,7.083613251,-24.25341121,-17.74939675
1375,32.80619032,12.69319933,18.96767056,7.638283445
1376,-6.453705411,0.383631863,23.545542,18.43135262
1377,8.794224981,20.71767714,269.4115334,18.04742347
1378,16.29460127,10.66995638,48.03989762,15.72194589
1379,-21.78493036,-20.2918066,-12.95107136,27.79723532
1380,100.1422252,62.81066396,82.54137113,6.139378191
1381,37.34393347,24.8084174,91.20898681,13.8589843
1382,50.41069504,71.15362284,33.07261662,-23.25834417
1383,51.00585505,29.28001896,1.786503786,12.80984093
1384,39.43760365,5.315596143,-4.531496501,22.86860962
1385,14.9028104,17.06839737,-1.793083944,-18.3346019
1386,20.19146613,8.222365979,25.74453553,21.26924637
1387,-17.83837246,9.652841325,-4.930541376,-1.854985262
1388,-15.14700886,46.94280596,55.38755751,-10.74892002
1389,32.08512295,25.44871598,52.54753397,6.14044196
1390,-26.71935577,51.09694297,-51.94655601,5.74516997
1391,10.29457897,17.68985096,23.42533805,40.75698999
1392,0.691476828,26.67404986,-1.808214331,37.72756614
1393,21.03123683,9.423895436,-14.86173061,-1.414938046
1394,41.37037916,3.76303776,19.97772056,46.62053358
1395,33.49545637,35.9596759,39.87007032,25.4052331
1396,4.795174596,57.86153971,30.4615147,19.15426493
1397,-47.85233791,28.86153971,20.43642104,0.836387264
1398,15.43063131,28.26076545,33.72335653,58.83108363
1399,39.46163392,-27.81527898,36.00982888,-8.331748526
1400,49.25255559,-7.563474358,20.36376448,20.91092617
1401,47.47788999,30.611137,51.5453603,-4.595684737
1402,7.412113286,-11.4372118,4.952290517,-22.89594981
1403,-24.64294878,-1.822375083,-5.604838707,44.92618455
1404,9.30843512,0.305739205,9.916074991,0.318516467
1405,-4.573482392,44.92698909,54.33390136,13.72626149
1406,-2.726457225,18.88737511,72.1277167,29.81541721
1407,8.691851519,3.322987256,-31.86864527,8.422554757
1408,18.06138356,3.930530223,33.69695691,-10.17162962
1409,17.75303691,23.04891507,33.07063687,-16.01948779
1410,50.0331298,17.35178373,30.01474358,0.032077444
1411,14.64143705,6.846503578,-2.078162948,14.68751688
1412,11.00729476,-20.85869736,121.1354149,6.885062368
1413,41.47267339,20.19840922,123.1236394,-21.88813606
1414,13.4389695,47.21643312,52.33866552,-13.63242347
1415,23.69358723,53.11201239,48.68181175,1.460897914
1416,-3.615301461,-4.248451145,-30.58047807,-22.91446461
1417,30.97616617,48.0865152,-5.172925502,23.27043027
1418,60.79029149,4.343016482,-9.059637038,-2.654044092
1419,25.75252866,37.30721328,59.30721328,24.19882386
1420,55.00359341,-20.93773212,-29.51426234,-80.93773212
1421,22.96788192,-56.09079255,-44.09079255,-9.090792551
1422,84.48573766,33.63879809,-31.5729368,24.69747256
1423,1.27400277,56.90920745,1.544412129,0.909207449
1424,-6.037486904,18.11422382,6.059759303,6.732972213
1425,13.81551271,55.7463775,13.16700088,83.2595494
1426,8.383171492,-26.21256327,-11.50958693,14.20894774
1427,25.93710393,6.976774501,8.078599717,92.85807251
1428,-3.653859307,27.71754187,555.2146562,0.586660209
1429,3.959319833,17.45456264,117.1797081,13.25749503
1430,98.71914881,3.447402286,467.5756848,26.13064033
1431,57.42217042,30.7877691,22.30742705,-50.94450221
1432,21.87461618,-31.83915917,35.06437125,-10.85899969
1433,13.87609725,-7.117289246,22.02177579,-4.647095375
1434,8.724058763,59.95555003,26.55819543,-1.38219231
1435,28.35657565,-18.05767699,75.67741995,21.34629112
1436,1.400601292,20.82089881,-5.159795395,-4.02613149
1437,7.131261524,8.113967682,26.96099798,22.5342652
1438,23.02542339,-0.166230661,-15.71375682,-27.38265102
1439,11.27337265,16.36842496,33.68281503,-2.605833975
1440,-13.22066463,-1.192611356,41.20023492,15.69614455
1441,54.00434172,1.583192151,-12.1556065,8.087924666
1442,33.58112761,23.62110614,4.034709547,-26.47314738
1443,17.73506606,15.41380014,-21.54583662,37.62909682
1444,32.54994013,34.93059024,14.85784901,37.63426769
1445,-17.56674269,30.51180345,46.28794877,-16.74312367
1446,35.83030869,45.66435015,-0.428497219,26.94385369
1447,51.21873966,13.73427588,43.65375379,-9.076473996
1448,22.32232937,10.32232937,27.15434849,7.916710059
1449,103.3223294,17.32232937,31.17820054,35.51109075
1450,-24.67767063,44.91671006,7.322329368,-14.08328994
1451,28.16166453,1.666274518,-28.34167616,8.511090751
1452,-23.82031999,31.83986546,574.8428203,15.57886623
1453,-9.144794564,6.152664149,570.4277459,-2.225033587
1454,33.54767819,-20.78598384,4.183852186,14.13752363
1455,40.80554512,24.87823008,2.395910183,32.60796818
1456,17.68669002,25.14708632,-33.5653792,-3.150042991
1457,29.62950873,-16.22672402,29.6710346,-10.72511196
1458,-11.43151688,-10.2171292,-17.75420653,26.37712941
1459,25.64869837,33.82439667,7.93269864,11.53686218
1460,31.0637897,-11.29258378,-2.57983681,19.81109691
1461,-8.188903092,-4.246129027,10.40826866,-4.466045987
1462,15.49939378,-12.10901145,-10.85631866,-25.37425982
1463,-25.47615612,-9.156127257,2.776536677,16.54650959
1464,16.17029165,26.71361636,11.94814325,36.17410444
1465,15.96052174,18.93576476,13.09554945,-8.276073661
1466,-0.792531978,-6.064235239,-62.04930011,-9.66241401
1467,25.43100402,54.71361636,-9.317035661,13.46671098
1468,28.9534396,78.91149311,38.16404086,-17.6027324
1469,-12.0549497,-4.489476879,-31.07592295,30.89051986
1470,-0.025587161,21.21857129,41.26890708,-2.715987914
1471,47.0214228,43.4224355,14.04152722,15.90310381
1472,9.825829458,22.71524434,-9.994867374,-17.08570245
1473,16.5136999,12.00513263,799.5136999,9.447473084
1474,-5.392159623,1.436934365,63.85112763,-15.48617585
1475,25.60784038,35.29265392,425.4087872,29.90184471
1476,57.74566534,28.71705025,23.89794293,85.31596496
1477,18.47843821,31.904684,-15.86147313,-16.53175745
1478,16.54783593,-0.320277797,11.11813555,39.32616062
1479,67.08754857,23.554577,-5.618091906,8.290804458
1480,126.6398277,-8.360172253,35.93313068,40.03089833
1481,22.19009658,41.71804186,19.20965011,43.89402362
1482,12.75991894,-6.43838637,-4.829456951,-14.73168931
1483,84.48339951,15.81580951,-15.55570754,-36.34061872
1484,6.105229377,-19.58915622,-48.73584058,-17.03202266
1485,32.98066494,-13.47505737,7.264159418,1.505911231
1486,1.600810407,24.62618561,12.87942197,9.623101284
1487,-1.032529953,19.78872904,180.3085356,15.63887321
1488,39.50113973,56.60243211,22.70127912,6.826442161
1489,35.16715976,7.003804669,482.8219972,10.241145
1490,20.45646703,31.43437693,36.34367043,-23.21196612
1491,9.984420469,23.6455197,205.0516042,8.146374618
1492,8.79339293,32.31557711,-15.20643243,-4.141958662
1493,24.46808904,52.49710552,-24.37939904,28.89484866
1494,18.27966993,39.94918921,185.1073299,-1.258202077
1495,19.04415398,23.5561272,58.27466775,36.17089067
1496,-1.853027823,18.48308951,38.53096575,33.2520543
1497,24.50864693,-28.15360761,6.134697602,9.444542903
1498,15.12160856,38.12536797,16.02863184,-32.6708525
1499,77.49241914,6.284955434,-2.732338925,32.30091418
1500,-13.60662546,48.18741996,-6.986836357,15.09346946
1501,53.64386289,28.93612246,-7.059496673,-46.43644293
1502,0.242333788,-12.19471632,-4.243323885,-8.727893347
1503,-44.94149342,-12.11521965,4.231953743,6.699585867
1504,-16.85185559,-12.86483425,5.987309747,4.324754694
1505,52.10157219,-15.28104647,13.64642401,16.38290707
1506,9.464722886,26.22856174,41.85243239,12.92915737
1507,-25.29262664,18.39079488,13.06123775,-20.38233027
1508,85.49394654,0.793929502,-9.649227073,28.90413428
1509,28.84903189,15.43884415,-6.277486897,-14.25535335
1510,28.84087489,-33.06557517,-11.43463706,4.08341799
1511,37.22659161,82.57351995,25.44700116,35.35311039
1512,-0.634403731,-16.70522294,182.6460294,-11.28242818
1513,27.2896802,4.720835656,232.6460294,-63.23398947
1514,-42.277464,23.93499362,-27.48573289,34.51007838
1515,-24.71000007,29.53790229,305.6509704,47.71116119
1516,26.39340065,61.35886793,18.12299593,9.342366268
1517,45.4662494,75.19803721,12.27284702,39.80598181
1518,-17.2579718,37.01024039,-38.81468114,-6.006261278
1519,1.669179451,-23.46090185,17.12299593,8.917106668
1520,13.77545275,8.238544887,-11.41437993,-5.373154378
1521,-11.43067501,29.42346767,7.114868232,-1.777583704
1522,41.06500729,27.8090186,13.02378174,-11.69282865
1523,54.31768511,-4.99251334,4.329631375,27.50316897
1524,-36.5882865,-32.87564492,25.39883607,7.549454571
1525,2.888104886,3.405990201,-13.61261053,2.433175879
1526,37.68305322,9.896689837,17.39155238,11.89096654
1527,11.43746835,14.90813644,7.889535711,16.41314433
1528,12.14158146,3.946551998,351.3133377,-27.77792148
1529,11.32580642,2.601332937,439.9898719,26.32418459
1530,32.52083588,-2.271708315,796.8714623,-13.49640719
1531,26.33823275,15.15238597,303.0038182,-13.42189791
1532,-7.027871256,28.86866032,-2.165439671,41.71287347
1533,22.33426822,-31.82093441,7.43773664,35.59293927
1534,25.7651919,20.45478664,44.69640769,21.33426822
1535,69.73050769,-1.769784422,-7.872084404,31.85102611
1536,-4.924899193,23.37657846,200.4716647,26.37538849
1537,-2.419073073,16.07208235,263.5861958,-13.66988292
1538,1.594786187,24.57371237,-32.80213235,-19.11595755
1539,27.04274,38.60570005,52.18014016,-3.394299953
1540,8.291667074,12.5674413,61.57865576,-7.514777275
1541,-2.178822636,28.47326521,146.3506785,-7.504305872
1542,20.88807337,38.30360094,34.05399664,-8.541916933
1543,9.075542182,26.86564445,10.49508416,6.425388274
1544,42.04848344,19.71753789,14.35062334,-2.940771524
1545,21.71342075,51.04848344,-36.93002649,23.7916067
1546,-13.21555666,-2.201229946,41.05206512,23.25761688
1547,17.92899927,-34.55366557,27.18587601,35.15735251
1548,15.77445156,1.939361462,21.40242865,-30.86528009
1549,39.22787824,57.3673496,5.374803421,21.63548907
1550,50.36531133,71.01840506,37.39642831,17.61773418
1551,28.10529996,39.05577852,19.16379862,-20.61098733
1552,16.3713066,67.3713066,34.3713066,6.359210073
1553,48.3713066,10.35921007,56.39549965,11.31082397
1554,-28.6286934,3.347113547,-22.6286934,-5.66498298
1555,22.35316181,36.36525834,-45.59845208,-33.61054861
1556,10.28568654,40.23882216,-0.69413163,1.656267769
1557,61.12274467,22.05136464,-2.276686023,-37.52902284
1558,35.56253901,31.98431843,-14.83039095,6.053531549
1559,45.4954928,-23.48649228,39.12491157,2.031182813
1560,-8.413811601,98.19946111,-18.67180419,48.45693052
1561,7.385867504,37.00275837,8.874023668,18.73499262
1562,58.08850393,34.58257024,9.233445129,31.34662097
1563,37.16547709,41.92139901,38.83812224,-2.136272679
1564,38.85343076,24.30174146,31.62837506,26.37845068
1565,-3.395208994,-14.19009707,16.96686868,55.46958917
1566,-19.50864691,25.93422281,-2.384327037,-9.314416946
1567,-6.903370462,30.81574273,28.34747478,36.49679406
1568,-11.137518,19.55785509,11.74462801,6.136943941
1569,26.40046226,-3.097194278,34.20664776,32.77947992
1570,13.6275589,-10.25458711,3.551598394,5.669452385
1571,41.51674649,46.05472674,-10.78709555,50.28886496
1572,-41.7525269,17.451766,5.142742031,27.83587306
1573,1.719782565,10.43909623,-1.680301712,12.46473945
1574,22.2474731,49.95781774,-20.92205728,-39.65555075
1575,27.097832,17.83990755,-11.66566933,-26.573317
1576,-26.43974122,43.25193337,-0.748066625,-1.21558803
1577,19.46693813,35.71993708,21.78865403,17.67279446
1578,10.24278494,55.38276592,-33.2064396,16.89694764
1579,12.38276592,-9.228525204,-8.28054522,-21.11053304
1580,34.35854373,-0.630193469,18.33351529,13.34102382
1581,57.35228662,22.34415237,8.344152375,-21.64270769
1582,22.35729231,-8.675870382,-0.622059224,-28.66460758
1583,44.32475533,-3.655221914,12.31098968,12.3510352
1584,104.2687448,-4.162344086,20.99520999,-12.06699942
1585,57.6749786,47.97198619,-15.94726921,-6.335411026
1586,15.01072285,9.855278296,68.8552783,49.20864493
1587,29.07082275,53.14454859,18.62211146,-21.593433
1588,1.104552842,20.92650111,-24.25549643,-3.527506279
1589,52.92650111,-32.58323805,14.56053314,7.404924532
1590,5.138833386,37.59284078,17.37458979,18.19061935
1591,-0.345508743,5.824651379,24.09863413,20.66040997
1592,22.91514163,-4.674425726,4.273098876,12.12994719
1593,29.02177832,-7.574747407,-31.33980137,-27.24906078
1594,38.70923335,-4.26988604,126.2782982,35.28184863
1595,29.61322069,22.27829819,-28.67992319,16.33791225
1596,20.19066049,13.3312343,-6.80928397,-3.175188652
1597,15.99552861,-16.83373562,9.776093172,26.09310381
1598,48.19026291,-8.833735622,-1.809348765,-43.58983002
1599,47.54269139,21.36962609,-5.809293227,4.580952031
MEAN,17.41392663,12.67958702,46.43581254,6.395260173
STDERR,0.686610467,0.646042268,2.546453553,0.698078319
